编号
28010101
28010102
28010103
28020101
28020102
28020103
28020104
28020201
28030101
28030201
28030202
28030203
28030204
28050101
28050102
28050103
28010201
28010202
28010203
28010204
28010205
28010206
28010301
28010302
28010303
28020301
28020302
28020303
28020304
28020305
28030301
28030302
28030303
28030304
28030305
28030401
28030402
28030403
28030404
28030501
28030502
28030503
28040101
28040102
28040103
28040104
28040105
28040106
28040107
28020401
28020402
28020403
28020404
28020501
28020502
28020503
28020504
28020505
28020506
28020507
28020601
28020602
28020603
28020604
28050201
28050202
28050203
28220301
28220401
28220402
28220403
28220404
28220502
28220504
28220505
28220506
28230101
