ID
100110
100111
100112
100171
100172
100173
100178
100179
100180
100181
100182
100183
100184
100185
100188
100189
100190
100191
100192
100193
100194
100195
100196
100197
100198
100199
100200
100201
100202
100203
100204
100205
100206
100207
100208
100213
100214
100215
100216
100217
100218
100219
100220
100221
100222
100223
100224
100226
100227
100228
100229
100230
100239
100240
100241
100242
100348
100350
100352
100354
100357
100358
100359
100360
100236
100361
100364
100366
100367
100368
100369
100387
100388
100389
100390
100391
100392
100393
100394
100399
100400
100401
100402
100403
100404
100405
100406
100407
100408
100409
100410
100411
100412
100413
100414
100415
100416
100417
100418
100419
100426
100427
100431
100432
100433
100434
100435
100436
100437
100438
100439
100440
100441
100442
100443
100444
100445
100452
100460
100461
100462
100463
100464
100465
100466
100469
100470
100471
100480
100481
100482
100483
100484
100507
100508
100509
100537
100538
100539
100562
100564
100565
100566
100567
100568
100569
100570
100571
100572
100573
100574
100575
100576
100577
100578
100579
100580
100586
100587
100588
100589
100590
100591
100592
100593
100601
100607
100608
100609
100610
100611
100612
100613
100614
100615
100616
100245
100617
100624
100637
100638
100639
100640
100641
100642
100643
100644
100645
100691
100692
100693
100703
100706
100707
100708
100711
100712
100715
100730
100731
100732
100733
100734
100735
100736
100740
100763
100767
100783
100784
100785
100786
100787
100788
100841
100842
100843
100844
100845
100851
100832
100833
100906
140001
140002
140003
140004
140005
140006
140007
180011
180012
180013
180014
180015
180021
180022
180023
180024
180025
180031
180032
180033
180034
180035
180041
180042
180043
180044
180045
180051
180052
180053
180054
180055
180061
180062
180063
180064
180065
180071
180072
180073
180074
180075
180081
180082
180083
180084
180085
180091
180092
180093
180094
180095
180101
180102
180103
180104
180105
180111
180112
180113
180114
180115
180121
180122
180123
180124
180125
180131
180132
180133
180134
180135
184011
184012
184013
184014
184015
184021
184022
184023
184024
184025
184031
184032
184033
184034
184035
184041
184042
184043
184044
184045
185011
185012
185013
185014
185015
185021
185022
185023
185024
185025
185031
185032
185033
185034
185035
185041
185042
185043
185044
185045
185051
185052
185053
185054
185055
185061
185062
185063
185064
185065
185071
185072
185073
185074
185075
185081
185082
185083
185084
185085
185093
185103
185113
185123
185133
185141
185142
185143
185144
185145
185151
185152
185153
185154
185155
185161
185162
185163
185164
185165
185171
185172
185173
185174
185175
185181
185182
185183
185184
185185
191101
191201
191301
191302
191303
191304
191305
191306
191401
191402
191403
191404
191405
191406
191407
191408
191409
191410
191411
191412
191413
191501
191502
191503
191504
191505
191506
191507
192101
192201
192301
192302
192303
192304
192305
192306
192401
192402
192403
192404
192405
192406
192407
192408
192409
192410
192411
192501
192502
192503
192504
192505
192506
193101
193201
193301
193302
193303
193401
193402
193403
193404
193405
193406
193407
193408
193409
193501
193502
193504
193505
193506
194101
194201
194301
194302
194303
194304
194305
194306
194401
194402
194403
194404
194405
194406
194407
194408
194409
194410
194411
194412
194413
194501
194502
194503
194504
194505
194506
195101
195201
195301
195302
195303
195304
195305
195306
195401
195402
195403
195404
195405
195406
195407
195408
195409
195410
195412
195413
195501
195502
195503
195504
195505
195506
340000
340001
