ID	类型	动态难度	序列编号	玩法类型	场景ID	脚本定时事件间隔	联机类型	显示等级	是否限制角色等级	限制等级	等级修正	前置副本	需求角色	通关条件	通关跳转地城	复活间隔时间	复活次数上限	每天准入次数	[进入消耗]1ID	[进入消耗]1数量	首通奖励RewardID	结算倒计时	失败后退出等待时间	主动退出倒计时	结算显示1	结算显示2	结算显示3	结算显示4	禁止重新挑战	开启神像消耗道具	消耗数量	神像奖励	挑战因子组合	地城状态
1	1				20008		1	5	0	1	4			8			10	1			0	999	30	3				4		0	0	0		1
2	2				20008		1	20	11	1	19			2			5	10			0	60	30	3	1	2	3			0	0	0	1000:100,1001:100,1002:100	2
3	2				20008		1	30	21	1	29			2			5	10			0	60	30	3	1	2	3			0	0	0	1000:100,1001:100,1002:100	2
4	2				20007		1	15	6	1	14			21			5	10			0	60	30	3	1	2	3			0	0	0		2
5	2				20007		1	25	16	1	24			21			5	10			0	60	30	3	1	2	3			0	0	0		2
6	2				20007		1	35	26	1	34			21			5	10			0	60	30	3	1	2	3			0	0	0		2
7	1	1			20006		1	15	0	1	14			5			5	10			0	60	30	3	1					0	0	0		2
8	2				20006		1	20	11	1	19			21			5	10			0	60	30	3	1	2	3			0	0	0		2
9	2				20006		1	30	21	1	29			21			5	10			0	60	30	3	1	2	3			0	0	0		2
10	1	1			1006		1	18	0	1	17			22			10	1			0	999	30	3						0	0	0		1
11	1	1			1017		1	35		1	34			68			10	10			0	999	30	3					1	0	0	0		1
12	2				1019		1	5	1	1	4			21			10	10			0	60	30	3	1	2	3			0	0	0		2
13	2				1011		1	1	1	1	0			9			10	10			0	120	30	3						0	0	0		2
15	2				50002		1	9	1	1	8			9			10	10			0	120	30	3						0	0	0		2
16	2				1001		1	1	1	1	0			9			10	10			0	120	30	3						0	0	0		2
17	2				50003		1	10	1	1	9			21			10	99			0	120	30	3						0	0	0		2
18	2				50004		1	10	1	1	9			21			10	99			0	120	30	3						0	0	0		2
19	2				50027		1	1	1	1	0			5			10	99			0	120	30	3						0	0	0		2
20	2				50025		1	1	1	1	0			5			10	99			0	120	30	3						0	0	0	1070:100	2
21	2				50026		1	1	1	1	0			5			10	99			0	120	30	3						0	0	0	1071:100	2
24	2				1024		1	5	1	1	4			33			10	99			0	120	30	3						0	0	0		2
25	2				50009		1	10	1	1	9			21			10	99			0	120	30	3						0	0	0		2
26	2				50010		1	10	1	1	9			21			10	99			0	120	30	3						0	0	0		2
27	2				50014		1	10	1	1	9			21			10	99			0	120	30	3						0	0	0		2
28	2				50017		1	1	1	1	0			21			10	99			0	120	30	3						0	0	0		2
29	2				50018		1	1	1	1	0			53			10	99			0	120	30	3						0	0	0		2
30	1	1			20031		1	30	0	1	29			55			10				230012	999	30	3						0	0	0		1
31	2				50019		1	1	1	1	0			52			10	99			0	120	30	3						0	0	0		2
32	2				50020		1	1	1	1	0			5			10	99			0	120	30	3						0	0	0		2
33	2				1031		1	35	26	1	34			51			10	99			0	120	30	3						0	0	0		2
34	2				1032		1	35	26	1	34			51			10	99			0	120	30	3						0	0	0		2
35	2				50022		1	1	1	1	0			5			10	99			0	120	30	3						0	0	0		2
36	2				50023		1	1	1	1	0			5			10	99			0	120	30	3						0	0	0	1050:100	2
37	2				50024		1	1	1	1	0			5			10	99			0	120	30	3						0	0	0	1051:100	2
38	2				50017		1	1	1	1	0			21			10	99			0	120	30	3						0	0	0	1161:100	2
39	2				50017		1	1	1	1	0			21			10	99			0	120	30	3						0	0	0	1162:100	2
40	2				50017		1	1	1	1	0			21			10	99			0	120	30	3						0	0	0	1163:100	2
41	2				50017		1	1	1	1	0			21			10	99			0	120	30	3						0	0	0	1164:100	2
42	2				50017		1	1	1	1	0			21			10	99			0	120	30	3						0	0	0	1165:100	2
43	2				50017		1	1	1	1	0			21			10	99			0	120	30	3						0	0	0	1166:100	2
44	2				50017		1	1	1	1	0			21			10	99			0	120	30	3						0	0	0	1052:100	2
45	2				50017		1	1	1	1	0			21			10	99			0	120	30	3						0	0	0	1053:100	2
46	2				50017		1	1	1	1	0			21			10	99			0	120	30	3						0	0	0	1369:100	2
47	2				50017		1	1	1	1	0			21			10	99			0	120	30	3						0	0	0	1387:100	2
48	2				50017		1	1	1	1	0			21			10	99			0	120	30	3						0	0	0	1388:100	2
49	2				50017		1	1	1	1	0			21			10	99			0	120	30	3						0	0	0	1389:100	2
50	2				1050		1	5	1	1	4			21			10	10			0	60	30	3	1	2	3			0	0	0		2
55	2				40016		1	5	1	1	4			21			10	10			0	60	30	3						0	0	0		2
56	2	1			50029		1	5	1	1	4			21			10	10			0	60	30	3						0	0	0		2
57	11	1			50030		1	5	1	1	4			99			10	10			0	60	30	3						0	0	0		2
58	2	1			50031		1	5	1	1	4			21			10	10			0	60	30	3						0	0	0		2
59	2				50043		1	1	1	1	0			5			10	99			0	120	30	3						0	0	0		2
60	2				50044		1	1	1	1	0			5			10	99			0	120	30	3						0	0	0		2
61	2				35800		2	1	1	1	0			0			10	99			0	120	30	3						0	0	0		2
62	2	1			50017		1	5	1	1	4			21			10	10			0	60	30	3						0	0	0		2
63	2				50050		1	1	1	1	0			21			10	10			0	60	30	3						0	0	0		2
64	2				50051		1	1	1	1	0			21			10	10			0	60	30	3						0	0	0		2
101	1	1			20101		1	30	0	1	29			0			0	0			0	999	30	3					1	0	0	0		1
102	1	1			1051		1	35	0	1	34			0			0	0			0	999	30	3					1	0	0	0		1
103	7		1003		20034		2	60	0	35	59			85			0	0			0	999	30	30						0	0	0		1
104	7		1003		20034		2	70	0	40	69			85			0	0			0	999	30	30						0	0	0		1
105	7		1003		20034		2	80	0	45	79			85			0	0			0	999	30	30						0	0	0		1
106	7		1003		20034		2	90	0	50	89			85			0	0			0	999	30	30						0	0	0		1
107	1	1			20107		1	35	0	1	34			150			0	0			230053	999	30	3					1	0	0	0		1
110	7		1004		20106		2	60	0	35	59			161			0	0			0	999	30	30						0	0	0	1386:100	1
111	7		1004		20106		2	70	0	40	69			161			0	0			0	999	30	30						0	0	0	1386:100	1
112	7		1004		20106		2	80	0	45	79			161			0	0			0	999	30	30						0	0	0	1386:100	1
113	7		1004		20106		2	90	0	50	89			161			0	0			0	999	30	30						0	0	0	1386:100	1
114	7		1004		20108		2	60	0	35	59			162			0	0			0	999	30	30						0	0	0	1386:100	1
115	7		1004		20108		2	70	0	40	69			162			0	0			0	999	30	30						0	0	0	1386:100	1
116	7		1004		20108		2	80	0	45	79			162			0	0			0	999	30	30						0	0	0	1386:100	1
117	7		1004		20108		2	90	0	50	89			162			0	0			0	999	30	30						0	0	0	1386:100	1
118	7		1004		20109		2	60	0	35	59			163			0	0			0	999	30	30						0	0	0	1386:100	1
119	7		1004		20109		2	70	0	40	69			163			0	0			0	999	30	30						0	0	0	1386:100	1
120	7		1004		20109		2	80	0	45	79			163			0	0			0	999	30	30						0	0	0	1386:100	1
121	7		1004		20109		2	90	0	50	89			163			0	0			0	999	30	30						0	0	0	1386:100	1
122	7		1004		20110		2	60	0	35	59			164			0	0			0	999	30	30						0	0	0	1386:100	1
123	7		1004		20110		2	70	0	40	69			164			0	0			0	999	30	30						0	0	0	1386:100	1
124	7		1004		20110		2	80	0	45	79			164			0	0			0	999	30	30						0	0	0	1386:100	1
125	7		1004		20110		2	90	0	50	89			164			0	0			0	999	30	30						0	0	0	1386:100	1
1000	2				20000		1	9	0	1	8			9			10	10			0	120	30	3						0	0	0		2
1001	1				20009		1	4	0	1	3			7			10	1			0	999	30	3						0	0	0		1
1002	1	1			20010		1	19	0	1	18			15			10	10			0	999	30	3						0	0	0		1
1003	1				20011		1	5	0	1	4			9			10	1			225001	999	30	3						0	0	0		1
1004	1	1			20012		1	16	0	1	15			16			5	10			0	60	30	3	1	3				0	0	0		2
1005	1	1			20013		1	10	0	1	9			12			0	10			0	60	30	3						0	0	0		2
1006	1	1			20014		1	10	0	1	9			11			0	10			0	60	30	3						0	0	0		2
1007	2				20015		1	7	1	1	6			9			10	10			0	120	30	3	1					0	0	0		2
1008	1	1			20022		1	30	0	1	29			34			10	10			230013	999	30	3	1					0	0	0		1
1009	1	1			20023		1	17	0	1	16			40			10	10			0	999	30	3	1				1	0	0	0		1
1010	1	1			20005		1	16	0	1	15			54			10	10			230015	999	30	3	1					0	0	0		1
1011	1	1			20032		1	28		1	27			76			10	10			230014	999	30	3					1	0	0	0		1
1012	1	1			20102		1	35		1	34			79			10	99			230030	999	30	3					1	0	0	0		1
1101	2				50008		1	9	1	1	8			9			10	10			0	120	30	3						0	0	0		2
1102	1	1			1032		1	26	0	1	25			88			10	99			230050	999	30	3					1	0	0	0		1
1103	1	1			1052		1	26		1	25			77			10	10			0	999	30	3						0	0	0		1
1104	1	1			1053		1	35		1	34			78			10	10			0	999	30	3						0	0	0		2
1105	1	1			1054		1	35		1	34			68			10	10			0	999	30	3						0	0	0		2
1106	1	1			1055		1	35		1	34			81			10	10			230031	999	30	3					1	0	0	0		1
1107	1	1			1056		1	35		1	34			83			10	10			230032	999	30	3					1	0	0	0		1
1108	1	1			1058		1	35		1	34			80			10	10			0	120	30	3						0	0	0		1
1109	1	1			1032		1	35	0	1	34			67			10	99			0	999	30	3						0	0	0		2
1110	1	1			1059		1	35	0	1	34			97			10	99			230051	999	30	3					1	0	0	0		1
1111	1	1			20035		1	35	0	1	34			153			0	99			0	10	10	3					1	0	0	0		1
1112	1	1			20036		1	35	0	1	34			154			0	99			0	10	10	3					1	0	0	0		1
1113	1	1			20103		1	28		1	27			96			10	99			230500	999	30	3					1	0	0	0		1
1114	1	1			20104		1	28		1	27			98			10	99			0	999	30	3					1	0	0	0		1
1115	1	1			20105		1	28		1	27			107			10	99			230501	999	30	3					1	0	0	0		1
1116	1	1			20037		1	30		1	29			148			10	99			230052	999	30	3					1	0	0	0		1
2000	1	1			20016		1	10	0	1	9			21			10	10			230008	999	30	3	1				1	0	0	0		1
2001	1				20017		1	26	0	1	25			1	2002		0	0			0	5	30	3					1	0	0	0		1
2002	1				20018		1	26	0	1	25			26			0	0			0	99	30	3				4		0	0	0		1
2003	1	1			20019		1	23	0	1	22			25			10	10			230011	999	30	3						0	0	0		1
2004	1				20020		1	10	0	1	9			27			0	0			0	999	30	3					1	0	0	0		1
2006	1	1			1016		1	15	0	1	14			37			10	10			230009	999	30	3						0	0	0		1
2007	1	1			1015		1	15	0	1	3			35	2006		10	10			0	5	30	3						0	0	0		1
2008	1				1024		1	35	0	1	34			36			10	10			230018	999	30	30						0	0	0		1
2009	2				50016		1	10	1	1	9			29			5	100			0	60	30	3	1	3				0	0	0		2
2010	1				1024		1	45	0	1	44			36			10	10			0	120	30	30						0	0	0		2
2011	1				1024		1	60	0	1	59			36			10	10			0	120	30	30						0	0	0		2
2012	1				20026		1	60	0	1	59			36			10	10			230019	999	30	30						0	0	0		1
2013	1				1024		1	80	0	1	79			36			10	10			0	120	30	30						0	0	0		2
2014	1				20027		1	80	0	1	79			36			10	10			230020	999	30	30						0	0	0		1
2015	1				1024		1	90	0	1	89			36			10	10			0	120	30	30						0	0	0		2
2016	1				20028		1	90	0	1	89			36			10	10			230021	999	30	30						0	0	0		1
2020	7		1001		20025		1	40	31	25	39			63			0	0			0	999	30	30						0	0	0		1
2021	7		1001		20025		1	50	41	30	49			63			0	0			0	999	30	30						0	0	0		1
2022	7		1001		20025		1	60	51	35	59			63			0	0			0	999	30	30						0	0	0		1
2023	7		1001		20025		1	70	61	40	69			63			0	0			0	999	30	30						0	0	0		1
2024	7		1001		20025		1	80	71	45	79			63			0	0			0	999	30	30						0	0	0		1
2025	7		1001		20025		1	90	81	50	89			63			0	0			0	999	30	30						0	0	0		1
2099	2				50015		1	10	1	1	9			25			10				0	999	30	3						0	0	0		2
2100	2				50028		1	1	1	1	0			75			10	99			0	120	30	3						0	0	0		2
2101	2	1			50041		1	36	1	1	35			75			10	99			0	120	30	3						0	0	0		2
2102	2				50042		2	1	1	1	0			75			10	99			0	120	30	3						0	0	0		2
2103	2				50045		2	1	1	1	0			75			10	99			0	120	30	3						0	0	0		2
2104	2				50046		1	35	26	1	34			29			10	99			0	999	30	3						0	0	0	1364:100	2
2105	2				50047		2	1	1	1	0			75			10	99			0	120	30	3						0	0	0		2
2106	2				50048		2	1	1	1	0			75			10	99			0	120	30	3						0	0	0		2
2107	2				50049		2	1	1	1	0			75			10	99			0	120	30	3						0	0	0		2
2108	2				50052		2	1	1	1	0			75			10	99			0	120	30	3						0	0	0		2
2109	2				50054		2	1	1	1	0			75			10	99			0	120	30	3						0	0	0		2
3001	2			1	30001	1	1	10	1	1	9			13			10	10			0	120	30	3	3	1				0	0	0		2
3004	2				40007		1	35	26	21	34			20			10	3			230003	999	30	30	3	1				0	0	0		1
3005	2				50020		1	15	1	1	14			29			5	100			0	60	30	3	1	3				0	0	0		2
3006	2				50007		1	15	6	1	14			29			5	100			0	60	30	3	1	3				0	0	0		2
3007	2				50011		1	10	1	1	9			29			5	100			0	60	30	3	1	3				0	0	0		2
3008	2				50012		1	10	1	1	9			29			5	100			0	60	30	3	1	3				0	0	0		2
3009	2				50013		1	10	1	1	9			29			5	100			0	60	30	3	1	3				0	0	0		2
3010	2				40021		2	35		1	34			29			10	99			0	999	30	3						0	0	0	1370:100	2
3100	6				30100		1	25	0	1	24			51			10				0	999	30	3						0	0	0		
3101	6				30101		1	25	0	1	24			51			10				0	999	30	3						0	0	0		
3102	6				30102		1	25	0	1	24			51			10				0	999	30	3						0	0	0		
3103	6				30103		1	25	0	1	24			51			10				0	999	30	3						0	0	0		
3104	6				30104		1	25	0	1	24			51			10				0	999	30	3						0	0	0		
3110	6				30200		1	27	0	1	26			51			10				0	999	30	3						0	0	0		
3111	6				30201		1	29	0	1	28			51			10				0	999	30	3						0	0	0		
3112	6				30202		1	32	0	1	31			51			10				0	999	30	3						0	0	0		
3113	6				30203		1	35	0	1	34			51			10				0	999	30	3						0	0	0		
3114	6				30204		1	37	0	1	36			51			10				0	999	30	3						0	0	0		
3120	6				30300		1	35	0	1	34			51			10				0	999	30	3						0	0	0		
3121	6				30301		1	35	0	1	34			51			10				0	999	30	3						0	0	0		
3122	6				30302		1	35	0	1	34			51			10				0	999	30	3						0	0	0		
3123	6				30303		1	35	0	1	34			51			10				0	999	30	3						0	0	0		
3124	6				30304		1	35	0	1	34			51			10				0	999	30	3						0	0	0		
3130	6				30400		1	45	0	1	44			51			10				0	999	30	3						0	0	0		
3131	6				30401		1	45	0	1	44			51			10				0	999	30	3						0	0	0		
3132	6				30402		1	45	0	1	44			51			10				0	999	30	3						0	0	0		
3133	6				30403		1	45	0	1	44			51			10				0	999	30	3						0	0	0		
3134	6				30404		1	45	0	1	44			51			10				0	999	30	3						0	0	0		
3140	6				30500		1	55	0	1	54			51			10				0	999	30	3						0	0	0		
3141	6				30501		1	55	0	1	54			51			10				0	999	30	3						0	0	0		
3142	6				30502		1	55	0	1	54			51			10				0	999	30	3						0	0	0		
3143	6				30503		1	55	0	1	54			51			10				0	999	30	3						0	0	0		
3144	6				30504		1	55	0	1	54			51			10				0	999	30	3						0	0	0		
3150	6				30600		1	65	0	1	64			51			10				0	999	30	3						0	0	0		
3151	6				30601		1	65	0	1	64			51			10				0	999	30	3						0	0	0		
3152	6				30602		1	65	0	1	64			51			10				0	999	30	3						0	0	0		
3153	6				30603		1	65	0	1	64			51			10				0	999	30	3						0	0	0		
3154	6				30604		1	65	0	1	64			51			10				0	999	30	3						0	0	0		
3160	6				30700		1	61	0	1	60			50			10				0	999	30	3						0	0	0		
3161	6				30701		1	62	0	1	61			50			10				0	999	30	3						0	0	0		
3162	6				30702		1	64	0	1	63			50			10				0	999	30	3						0	0	0		
3163	6				30703		1	66	0	1	65			50			10				0	999	30	3						0	0	0		
3164	6				30704		1	68	0	1	67			50			10				0	999	30	3						0	0	0		
3170	6				30800		1	90	0	1	89			50			10				0	999	30	3						0	0	0		
3171	6				30801		1	90	0	1	89			50			10				0	999	30	3						0	0	0		
3172	6				30802		1	90	0	1	89			50			10				0	999	30	3						0	0	0		
3173	6				30803		1	90	0	1	89			50			10				0	999	30	3						0	0	0		
3174	6				30804		1	90	0	1	89			50			10				0	999	30	3						0	0	0		
3180	6				30900		1	79	0	1	78			50			10				0	999	30	3						0	0	0		
3181	6				30901		1	79	0	1	78			50			10				0	999	30	3						0	0	0		
3182	6				30902		1	79	0	1	78			50			10				0	999	30	3						0	0	0		
3183	6				30903		1	79	0	1	78			50			10				0	999	30	3						0	0	0		
3184	6				30904		1	79	0	1	78			50			10				0	999	30	3						0	0	0		
3190	6				31000		1	76	0	1	75			50			10				0	999	30	3						0	0	0		
3191	6				31001		1	78	0	1	77			50			10				0	999	30	3						0	0	0		
3192	6				31002		1	81	0	1	80			50			10				0	999	30	3						0	0	0		
3193	6				31003		1	84	0	1	83			50			10				0	999	30	3						0	0	0		
3194	6				31004		1	86	0	1	85			50			10				0	999	30	3						0	0	0		
3200	6				31100		1	84	0	1	83			50			10				0	999	30	3						0	0	0		
3201	6				31101		1	86	0	1	85			50			10				0	999	30	3						0	0	0		
3202	6				31102		1	89	0	1	88			50			10				0	999	30	3						0	0	0		
3203	6				31103		1	90	0	1	89			50			10				0	999	30	3						0	0	0		
3204	6				31104		1	90	0	1	89			50			10				0	999	30	3						0	0	0		
3210	6				31200		1	73	0	1	72			50			10				0	999	30	3						0	0	0		
3211	6				31201		1	73	0	1	72			50			10				0	999	30	3						0	0	0		
3212	6				31202		1	73	0	1	72			50			10				0	999	30	3						0	0	0		
3213	6				31203		1	73	0	1	72			50			10				0	999	30	3						0	0	0		
3214	6				31204		1	73	0	1	72			50			10				0	999	30	3						0	0	0		
3220	6				31300		1	85	0	1	84			50			10				0	999	30	3						0	0	0		
3221	6				31301		1	85	0	1	84			50			10				0	999	30	3						0	0	0		
3222	6				31302		1	85	0	1	84			50			10				0	999	30	3						0	0	0		
3223	6				31303		1	85	0	1	84			50			10				0	999	30	3						0	0	0		
3224	6				31304		1	85	0	1	84			50			10				0	999	30	3						0	0	0		
3230	6				31400		1	90	0	1	89			50			10				0	999	30	3						0	0	0		
3231	6				31401		1	90	0	1	89			50			10				0	999	30	3						0	0	0		
3232	6				31402		1	90	0	1	89			50			10				0	999	30	3						0	0	0		
3233	6				31403		1	90	0	1	89			50			10				0	999	30	3						0	0	0		
3234	6				31404		1	90	0	1	89			50			10				0	999	30	3						0	0	0		
3240	6				31500		1	90	0	1	89			50			10				0	999	30	3						0	0	0		
3241	6				31501		1	90	0	1	89			50			10				0	999	30	3						0	0	0		
3242	6				31502		1	90	0	1	89			50			10				0	999	30	3						0	0	0		
3243	6				31503		1	90	0	1	89			50			10				0	999	30	3						0	0	0		
3244	6				31504		1	90	0	1	89			50			10				0	999	30	3						0	0	0		
3250	6				31600		1	90	0	1	89			50			10				0	999	30	3						0	0	0		
3251	6				31601		1	90	0	1	89			50			10				0	999	30	3						0	0	0		
3252	6				31602		1	90	0	1	89			50			10				0	999	30	3						0	0	0		
3253	6				31603		1	90	0	1	89			50			10				0	999	30	3						0	0	0		
3254	6				31604		1	90	0	1	89			50			10				0	999	30	3						0	0	0		
3260	6				31700		1	90	0	1	89			50			10				0	999	30	3						0	0	0		
3261	6				31701		1	90	0	1	89			50			10				0	999	30	3						0	0	0		
3262	6				31702		1	90	0	1	89			50			10				0	999	30	3						0	0	0		
3263	6				31703		1	90	0	1	89			50			10				0	999	30	3						0	0	0		
3264	6				31704		1	90	0	1	89			50			10				0	999	30	3						0	0	0		
3270	6				31800		1	90	0	1	89			50			10				0	999	30	3						0	0	0		
3271	6				31801		1	90	0	1	89			50			10				0	999	30	3						0	0	0		
3272	6				31802		1	90	0	1	89			50			10				0	999	30	3						0	0	0		
3273	6				31803		1	90	0	1	89			50			10				0	999	30	3						0	0	0		
3274	6				31804		1	90	0	1	89			50			10				0	999	30	3						0	0	0		
3280	6				31900		1	90	0	1	89			50			10				0	999	30	3						0	0	0		
3281	6				31901		1	90	0	1	89			50			10				0	999	30	3						0	0	0		
3282	6				31902		1	90	0	1	89			50			10				0	999	30	3						0	0	0		
3283	6				31903		1	90	0	1	89			50			10				0	999	30	3						0	0	0		
3284	6				31904		1	90	0	1	89			50			10				0	999	30	3						0	0	0		
3290	6				32000		1	90	0	1	89			50			10				0	999	30	3						0	0	0		
3291	6				32001		1	90	0	1	89			50			10				0	999	30	3						0	0	0		
3292	6				32002		1	90	0	1	89			50			10				0	999	30	3						0	0	0		
3293	6				32003		1	90	0	1	89			50			10				0	999	30	3						0	0	0		
3294	6				32004		1	90	0	1	89			50			10				0	999	30	3						0	0	0		
3300	6				32100		1	90	0	1	89			50			10				0	999	30	3						0	0	0		
3301	6				32101		1	90	0	1	89			50			10				0	999	30	3						0	0	0		
3302	6				32102		1	90	0	1	89			50			10				0	999	30	3						0	0	0		
3303	6				32103		1	90	0	1	89			50			10				0	999	30	3						0	0	0		
3304	6				32104		1	90	0	1	89			50			10				0	999	30	3						0	0	0		
3305	6				32200		1	90	0	1	89			50			10				0	999	30	3						0	0	0		
3306	6				32201		1	90	0	1	89			50			10				0	999	30	3						0	0	0		
3307	6				32202		1	90	0	1	89			50			10				0	999	30	3						0	0	0		
3308	6				32203		1	90	0	1	89			50			10				0	999	30	3						0	0	0		
3314	6				32204		1	90	0	1	89			50			10				0	999	30	3						0	0	0		
3310	6				33100		1	24	0	1	23			51			10				0	999	30	3						0	0	0		1
3311	6				33101		1	39	0	1	38			51			10				0	999	30	3						0	0	0		1
3312	6				33102		1	44	0	1	43			51			10				0	999	30	3						0	0	0		1
3313	6				33103		1	49	0	1	48			51			10				0	999	30	3						0	0	0		1
3410	6				34100		1	24	0	1	23			51			10				0	999	30	3						0	0	0		1
3411	6				34101		1	39	0	1	38			51			10				0	999	30	3						0	0	0		1
3412	6				34102		1	44	0	1	43			51			10				0	999	30	3						0	0	0		1
3413	6				34103		1	49	0	1	48			51			10				0	999	30	3						0	0	0		1
3510	6				35100		1	24	0	1	23			51			10				0	999	30	3						0	0	0		1
3511	6				35101		1	39	0	1	38			51			10				0	999	30	3						0	0	0		1
3512	6				35102		1	44	0	1	43			51			10				0	999	30	3						0	0	0		1
3513	6				35103		1	49	0	1	48			51			10				0	999	30	3						0	0	0		1
3341	6				33401		1	54	0	1	53			50			10				0	999	30	3						0	0	0		1
3342	6				33402		1	59	0	1	58			50			10				0	999	30	3						0	0	0		1
3343	6				33403		1	64	0	1	63			50			10				0	999	30	3						0	0	0		1
3344	6				33404		1	69	0	1	68			50			10				0	999	30	3						0	0	0		1
3441	6				34401		1	54	0	1	53			50			10				0	999	30	3						0	0	0		1
3442	6				34402		1	59	0	1	58			50			10				0	999	30	3						0	0	0		1
3443	6				34403		1	64	0	1	63			50			10				0	999	30	3						0	0	0		1
3444	6				34404		1	69	0	1	68			50			10				0	999	30	3						0	0	0		1
3541	6				35401		1	54	0	1	53			50			10				0	999	30	3						0	0	0		1
3542	6				35402		1	59	0	1	58			50			10				0	999	30	3						0	0	0		1
3543	6				35403		1	64	0	1	63			50			10				0	999	30	3						0	0	0		1
3544	6				35404		1	69	0	1	68			50			10				0	999	30	3						0	0	0		1
3370	6				33700		1	90	0	1	89			50			10				0	999	30	3						0	0	0		1
3371	6				33701		1	71	0	1	70			50			10				0	999	30	3						0	0	0		1
3372	6				33702		1	90	0	1	89			50			10				0	999	30	3						0	0	0		1
3373	6				33703		1	87	0	1	86			50			10				0	999	30	3						0	0	0		1
3374	6				33704		1	90	0	1	89			50			10				0	999	30	3						0	0	0		1
3375	6				33705		1	79	0	1	78			50			10				0	999	30	3						0	0	0		1
3376	6				33706		1	71	0	1	70			50			10				0	999	30	3						0	0	0		1
3377	6				33707		1	79	0	1	78			50			10				0	999	30	3						0	0	0		1
3378	6				33708		1	87	0	1	86			50			10				0	999	30	3						0	0	0		1
3379	6				33709		1	90	0	1	89			50			10				0	999	30	3						0	0	0		1
3380	6				33710		1	90	0	1	89			50			10				0	999	30	3						0	0	0		1
3381	6				33711		1	90	0	1	89			50			10				0	999	30	3						0	0	0		1
3382	6				33712		1	90	0	1	89			50			10				0	999	30	3						0	0	0		1
3383	6				33713		1	90	0	1	89			50			10				0	999	30	3						0	0	0		1
3384	6				33714		1	90	0	1	89			50			10				0	999	30	3						0	0	0		1
3385	6				33715		1	90	0	1	89			50			10				0	999	30	3						0	0	0		1
3386	6				33716		1	90	0	1	89			50			10				0	999	30	3						0	0	0		1
3470	6				34700		1	90	0	1	89			50			10				0	999	30	3						0	0	0		1
3471	6				34701		1	73	0	1	72			50			10				0	999	30	3						0	0	0		1
3472	6				34702		1	90	0	1	89			50			10				0	999	30	3						0	0	0		1
3473	6				34703		1	89	0	1	88			50			10				0	999	30	3						0	0	0		1
3474	6				34704		1	90	0	1	89			50			10				0	999	30	3						0	0	0		1
3475	6				34705		1	81	0	1	80			50			10				0	999	30	3						0	0	0		1
3476	6				34706		1	73	0	1	72			50			10				0	999	30	3						0	0	0		1
3477	6				34707		1	81	0	1	80			50			10				0	999	30	3						0	0	0		1
3478	6				34708		1	89	0	1	88			50			10				0	999	30	3						0	0	0		1
3479	6				34709		1	90	0	1	89			50			10				0	999	30	3						0	0	0		1
3480	6				34710		1	90	0	1	89			50			10				0	999	30	3						0	0	0		1
3481	6				34711		1	90	0	1	89			50			10				0	999	30	3						0	0	0		1
3482	6				34712		1	90	0	1	89			50			10				0	999	30	3						0	0	0		1
3483	6				34713		1	90	0	1	89			50			10				0	999	30	3						0	0	0		1
3484	6				34714		1	90	0	1	89			50			10				0	999	30	3						0	0	0		1
3485	6				34715		1	90	0	1	89			50			10				0	999	30	3						0	0	0		1
3486	6				34716		1	90	0	1	89			50			10				0	999	30	3						0	0	0		1
3570	6				35700		1	90	0	1	89			50			10				0	999	30	3						0	0	0		1
3571	6				35701		1	75	0	1	74			50			10				0	999	30	3						0	0	0		1
3572	6				35702		1	90	0	1	89			50			10				0	999	30	3						0	0	0		1
3573	6				35703		1	90	0	1	89			50			10				0	999	30	3						0	0	0		1
3574	6				35704		1	90	0	1	89			50			10				0	999	30	3						0	0	0		1
3575	6				35705		1	84	0	1	83			50			10				0	999	30	3						0	0	0		1
3576	6				35706		1	75	0	1	74			50			10				0	999	30	3						0	0	0		1
3577	6				35707		1	84	0	1	83			50			10				0	999	30	3						0	0	0		1
3578	6				35708		1	90	0	1	89			50			10				0	999	30	3						0	0	0		1
3579	6				35709		1	90	0	1	89			50			10				0	999	30	3						0	0	0		1
3580	6				35710		1	90	0	1	89			50			10				0	999	30	3						0	0	0		1
3581	6				35711		1	90	0	1	89			50			10				0	999	30	3						0	0	0		1
3582	6				35712		1	90	0	1	89			50			10				0	999	30	3						0	0	0		1
3583	6				35713		1	90	0	1	89			50			10				0	999	30	3						0	0	0		1
3584	6				35714		1	90	0	1	89			50			10				0	999	30	3						0	0	0		1
3585	6				35715		1	90	0	1	89			50			10				0	999	30	3						0	0	0		1
3586	6				35716		1	90	0	1	89			50			10				0	999	30	3						0	0	0		1
4001	5				40001		1	8	1	1	7			14			5	3			0	60	30	3	1	3				0	0	0		2
4003	2				20010		1	12	3	1	11			15			5	3			0	60	30	3	1	3				0	0	0		2
4005	2				20014		1	21	12	1	20			11			5	3			0	60	30	3	1	3				0	0	0		2
4007	2				40008		1	25	16	15	24			65			5	3			230001	999	30	30	1	3				0	0	0		1
4010	2				40009		1	20	11	12	19			64			5	3			230000	999	30	30	1	3				0	0	0		1
4011	2				40014		1	30	21	18	29			66			5	3			230002	999	30	30	1	3				0	0	0		1
4012	2				40013		1	12	3	1	11			47			5	3			0	60	30	3	1	3				0	0	0		2
4013	2				40009		1	1	1	1	0			64			10	99			0	60	30	3						0	0	0		2
4014	2				40008		1	1	1	1	0			65			10	99			0	120	30	3						0	0	0		2
4015	2				40014		1	30	21	18	29			66			5	3			230002	999	30	3	1	3				0	0	0		2
4016	2				40015		1	70	61	35	69			71			10	99			230007	999	30	30						0	0	0		1
4017	2				40018		1	1	1	1	0			72			10	99			0	120	30	3						0	0	0		2
4018	2				40016		1	50	41	27	49			69			10	10			230005	999	30	30						0	0	0		1
4019	2				40017		1	60	51	1	59			70			10	10			0	120	30	3						0	0	0		2
4020	2				40019		1	60	51	30	59			73			10	10			230006	999	30	30						0	0	0		1
4021	2				40020		1	45	36	24	44			74			10	10			230004	999	30	30						0	0	0		1
4022	10				40026		1	20	11	16	19			87			10	99			226001	999	30	3						0	0	0		1
4023	10				40030		1	20	11	16	19			89			10	99			226002	999	30	3						0	0	0		1
4024	10				40031		1	20	11	16	19			90			10	99			226003	999	30	3						0	0	0		1
4025	10				40032		1	20	11	16	19			91			10	99			226004	999	30	3						0	0	0		1
4026	10				40033		1	20	11	16	19			92			10	99			226005	999	30	3						0	0	0		1
4027	10				40034		1	20	11	16	19			93			10	99			226006	999	30	3						0	0	0		1
4028	10				40035		1	20	11	16	19			94			10	99			226007	999	30	3						0	0	0		1
4029	10				40036		1	20	11	16	19			95			10	99			226008	999	30	3						0	0	0		1
4030	9				40037		2	0	1	1	0			165		10	999	999			0	999	30	30						0	0	0	1551:100	1
4031	9				40038		2	0	1	1	0			165		10	999	999			0	999	30	30						0	0	0	1551:100	1
4032	9				40039		2	0	1	1	0			165		10	999	999			0	999	30	30						0	0	0	1553:100	1
4033	9				40040		2	0	1	1	0			165		10	999	999			0	999	30	30						0	0	0	1553:100	1
4034	9				40041		2	0	1	1	0			165		10	999	999			0	999	30	30						0	0	0	1552:100	1
4035	9				40042		2	0	1	1	0			165		10	999	999			0	999	30	30						0	0	0	1552:100	1
4036	9				40043		2	0	1	1	0			165		10	999	999			0	999	30	30						0	0	0	1554:100	1
4037	2				40046		2	1	1	1	0			75			10	99			0	120	30	30						0	0	0		1
4601	2				50011		1	70	61	70	69			29			5	100			0	60	30	3	1	3				0	0	0		2
4602	2				50011		1	70	61	70	69			29			5	100			0	60	30	3	1	3				0	0	0		2
4603	2				50011		1	70	61	70	69			29			5	100			0	60	30	3	1	3				0	0	0		2
4200	3				40200		2	38	29	1	37			51			0	3			0	999	30	30	1					106	20	82012700	1302:100	1
4201	3				40201		2	54	45	28	53			51			0	3			0	999	30	30	1					106	20	82013300	1302:100	1
4202	3				40202		2	71	62	36	70			51			0	3			0	999	30	30	1					106	20	82014100	1303:100	1
4203	3				40203		2	88	79	45	87			51			0	3			0	999	30	30	1					106	20	82015000	1303:100	1
4210	3				40200		2	38	29	1	37			51			0	3			0	999	30	30	1					106	20	82112700	1302:100	1
4211	3				40201		2	54	45	28	53			51			0	3			0	999	30	30	1					106	20	82113300	1302:100	1
4212	3				40202		2	71	62	36	70			51			0	3			0	999	30	30	1					106	20	82114100	1303:100	1
4213	3				40203		2	88	79	45	87			51			0	3			0	999	30	30	1					106	20	82115000	1303:100	1
4220	3				40200		2	38	29	1	37			51			0	3			0	999	30	30	1					106	20	82212700	1302:100	1
4221	3				40201		2	54	45	28	53			51			0	3			0	999	30	30	1					106	20	82213300	1302:100	1
4222	3				40202		2	71	62	36	70			51			0	3			0	999	30	30	1					106	20	82214100	1303:100	1
4223	3				40203		2	88	79	45	87			51			0	3			0	999	30	30	1					106	20	82215000	1303:100	1
4230	3				40200		2	38	29	1	37			51			0	3			0	999	30	30	1					106	20	82312700	1302:100	1
4231	3				40201		2	54	45	28	53			51			0	3			0	999	30	30	1					106	20	82313300	1302:100	1
4232	3				40202		2	71	62	36	70			51			0	3			0	999	30	30	1					106	20	82314100	1303:100	1
4233	3				40203		2	88	79	45	87			51			0	3			0	999	30	30	1					106	20	82315000	1303:100	1
4300	3				40300		2	15	6	1	14			51			0	3			0	999	30	30	1					106	20	83011300	1301:100	1
4301	3				40301		2	36	27	21	35			51			0	3			0	999	30	30	1					106	20	83012600	1301:100	1
4302	3				40302		2	59	50	30	58			51			0	3			0	999	30	30	1					106	20	83013500	1301:100	1
4303	3				40303		2	80	71	40	79			62			0	3			0	999	30	30	1					106	20	83014500	1301:100	1
4310	3				40300		2	15	6	1	14			51			0	3			0	999	30	30	1					106	20	83111300	1301:100	1
4311	3				40301		2	36	27	21	35			51			0	3			0	999	30	30	1					106	20	83112600	1301:100	1
4312	3				40302		2	59	50	30	58			51			0	3			0	999	30	30	1					106	20	83113500	1301:100	1
4313	3				40303		2	80	71	40	79			62			0	3			0	999	30	30	1					106	20	83114500	1301:100	1
4320	3				40300		2	15	6	1	14			51			0	3			0	999	30	30	1					106	20	83211300	1301:100	1
4321	3				40301		2	36	27	21	35			51			0	3			0	999	30	30	1					106	20	83212600	1301:100	1
4322	3				40302		2	59	50	30	58			51			0	3			0	999	30	30	1					106	20	83213500	1301:100	1
4323	3				40303		2	80	71	40	79			62			0	3			0	999	30	30	1					106	20	83214500	1301:100	1
4330	3				40300		2	15	6	1	14			51			0	3			0	999	30	30	1					106	20	83311300	1301:100	1
4331	3				40301		2	36	27	21	35			51			0	3			0	999	30	30	1					106	20	83312600	1301:100	1
4332	3				40302		2	59	50	30	58			51			0	3			0	999	30	30	1					106	20	83313500	1301:100	1
4333	3				40303		2	80	71	40	79			62			0	3			0	999	30	30	1					106	20	83314500	1301:100	1
5000	3				40500		2	26	17	1	25			51			0	3			0	999	30	30	1					106	20	85112000	1100:100	2
5001	3				40501		2	34	25	1	33			51			0	3			0	999	30	30	1					106	20	85112500	1101:100	1
5002	3				40502		2	47	38	25	46			51			0	3			0	999	30	30	1					106	20	85113000	1102:100	1
5003	3				40503		2	59	50	30	58			51			0	3			0	999	30	30	1					106	20	85113500	1103:100	1
5004	3				40504		2	69	60	35	68			51			0	3			0	999	30	30	1					106	20	85114000	1104:100	1
5005	3				40505		2	80	71	40	79			51			0	3			0	999	30	30	1					106	20	85114500	1105:100	1
5006	3				40506		2	90	81	45	89			51			0	3			0	999	30	30	1					106	20	85115500	1106:100	1
5007	3				40507		2	60	51	45	59			51			0	3			0	999	30	30	1					106	20	85116000	1107:100	2
5008	3				40508		2	47	38	25	46			51			0	3			0	999	30	30	1					106	20	85213000	1108:100	1
5009	3				40509		2	59	50	30	58			51			0	3			0	999	30	30	1					106	20	85213500	1109:100	1
5010	3				40510		2	69	60	35	68			51			0	3			0	999	30	30	1					106	20	85214000	1110:100	1
5011	3				40511		2	80	71	40	79			51			0	3			0	999	30	30	1					106	20	85214500	1111:100	1
5012	3				40512		2	90	81	45	89			51			0	3			0	999	30	30	1					106	20	85215500	1112:100	1
5013	3				40513		2	60	51	45	59			51			0	3			0	999	30	30	1					106	20	85216000	1113:100	2
5014	3				40514		2	59	50	30	58			51			0	3			0	999	30	30	1					106	20	85003500	1377:100	1
5015	3				40515		2	69	60	35	68			51			0	3			0	999	30	30	1					106	20	85004000	1377:100	1
5016	3				40516		2	80	71	40	79			51			0	3			0	999	30	30	1					106	20	85004500	1378:100	1
5017	3				40517		2	90	81	45	89			51			0	3			0	999	30	30	1					106	20	85005500	1379:100	1
5100	3				40600		2	34	25	1	33			61			0	3			0	999	30	30	1					106	20	85122500	1114:100	1
5101	3				40601		2	47	38	25	46			61			0	3			0	999	30	30	1					106	20	85123000	1115:100	1
5102	3				40602		2	59	50	30	58			61			0	3			0	999	30	30	1					106	20	85123500	1116:100	1
5103	3				40603		2	69	60	35	68			60			0	3			0	999	30	30	1					106	20	85124000	1117:100	1
5104	3				40604		2	80	71	40	79			60			0	3			0	999	30	30	1					106	20	85124500	1118:100	1
5105	3				40605		2	90	81	45	89			60			0	3			0	999	30	30	1					106	20	85125500	1119:100	1
5106	3				40606		2	60	51	45	59			60			0	3			0	999	30	30	1					106	20	85126000	1120:100	2
5107	3				40607		2	59	50	30	58			58			0	3			0	999	30	30	1					106	20	85223500	1121:100	1
5108	3				40608		2	69	60	35	68			58			0	3			0	999	30	30	1					106	20	85224000	1122:100	1
5109	3				40609		2	80	71	40	79			59			0	3			0	999	30	30	1					106	20	85224500	1123:100	1
5110	3				40610		2	90	81	45	89			59			0	3			0	999	30	30	1					106	20	85225500	1124:100	1
5111	3				40611		2	60	51	45	59			57			0	3			0	999	30	30	1					106	20	85226000	1125:100	2
5112	3				40612		2	69	60	35	68			60			0	3			0	999	30	30	1					106	20	85324000	1126:100	1
5113	3				40613		2	80	71	40	79			60			0	3			0	999	30	30	1					106	20	85324500	1127:100	1
5114	3				40614		2	90	81	45	89			60			0	3			0	999	30	30	1					106	20	85325500	1128:100	1
5115	3				40615		2	60	51	45	59			59			0	3			0	999	30	30	1					106	20	85326000	1129:100	2
5120	3				40404		2	59	50	30	58			58			0	3			0	999	30	30	1					106	20	85313500	1344:100	1
5121	3				40408		2	69	60	35	68			58			0	3			0	999	30	30	1					106	20	85314000	1344:100	1
5122	3				40409		2	80	71	40	79			59			0	3			0	999	30	30	1					106	20	85314500	1344:100	1
5123	3				40410		2	90	81	45	89			59			0	3			0	999	30	30	1					106	20	85315500	1344:100	1
5210	3				40400		2	15	6	1	14			51			0	3			0	999	30	30	1					106	20	83021300	1304:100	1
5211	3				40401		2	36	27	21	35			51			0	3			0	999	30	30	1					106	20	83022600	1304:100	1
5212	3				40402		2	59	50	30	58			51			0	3			0	999	30	30	1					106	20	83023500	1305:100	1
5213	3				40403		2	80	71	40	79			51			0	3			0	999	30	30	1					106	20	83024500	1305:100	1
5214	3				40400		2	15	6	1	14			51			0	3			0	999	30	30	1					106	20	83121300	1304:100	1
5215	3				40401		2	36	27	21	35			51			0	3			0	999	30	30	1					106	20	83122600	1304:100	1
5216	3				40402		2	59	50	30	58			51			0	3			0	999	30	30	1					106	20	83123500	1305:100	1
5217	3				40403		2	80	71	40	79			51			0	3			0	999	30	30	1					106	20	83124500	1305:100	1
5218	3				40400		2	15	6	1	14			51			0	3			0	999	30	30	1					106	20	83221300	1304:100	1
5219	3				40401		2	36	27	21	35			51			0	3			0	999	30	30	1					106	20	83222600	1304:100	1
5220	3				40402		2	59	50	30	58			51			0	3			0	999	30	30	1					106	20	83223500	1305:100	1
5221	3				40403		2	80	71	40	79			51			0	3			0	999	30	30	1					106	20	83224500	1305:100	1
5222	3				40400		2	15	6	1	14			51			0	3			0	999	30	30	1					106	20	83321300	1304:100	1
5223	3				40401		2	36	27	21	35			51			0	3			0	999	30	30	1					106	20	83322600	1304:100	1
5224	3				40402		2	59	50	30	58			51			0	3			0	999	30	30	1					106	20	83323500	1305:100	1
5225	3				40403		2	80	71	40	79			51			0	3			0	999	30	30	1					106	20	83324500	1305:100	1
5250	3				40100		2	38	29	1	37			51			0	3			0	999	30	30	1					106	20	82022700	1300:100	1
5251	3				40101		2	54	45	28	53			51			0	3			0	999	30	30	1					106	20	82023300	1300:100	1
5252	3				40102		2	71	62	36	70			51			0	3			0	999	30	30	1					106	20	82024100	1300:100	1
5253	3				40105		2	88	79	45	87			51			0	3			0	999	30	30	1					106	20	82025000	1300:100	1
5254	3				40100		2	38	29	1	37			51			0	3			0	999	30	30	1					106	20	82122700	1300:100	1
5255	3				40101		2	54	45	28	53			51			0	3			0	999	30	30	1					106	20	82123300	1300:100	1
5256	3				40102		2	71	62	36	70			51			0	3			0	999	30	30	1					106	20	82124100	1300:100	1
5257	3				40105		2	88	79	45	87			51			0	3			0	999	30	30	1					106	20	82125000	1300:100	1
5258	3				40100		2	38	29	1	37			51			0	3			0	999	30	30	1					106	20	82222700	1300:100	1
5259	3				40101		2	54	45	28	53			51			0	3			0	999	30	30	1					106	20	82223300	1300:100	1
5260	3				40102		2	71	62	36	70			51			0	3			0	999	30	30	1					106	20	82224100	1300:100	1
5261	3				40105		2	88	79	45	87			51			0	3			0	999	30	30	1					106	20	82225000	1300:100	1
5262	3				40100		2	38	29	1	37			51			0	3			0	999	30	30	1					106	20	82322700	1300:100	1
5263	3				40101		2	54	45	28	53			51			0	3			0	999	30	30	1					106	20	82323300	1300:100	1
5264	3				40102		2	71	62	36	70			51			0	3			0	999	30	30	1					106	20	82324100	1300:100	1
5265	3				40105		2	88	79	45	87			51			0	3			0	999	30	30	1					106	20	82325000	1300:100	1
5116	3				40616		2	1	1	0	0			59			0	3			0	999	30	3	1					106	20	0	43:103	2
5300	9				40022		2	0		1	0			86		10	999	999			0	999	30	30						0	0	0	1354:100	1
5301	9				40023		2	0		1	0			86		10	999	999			0	999	30	30						0	0	0	1353:100	1
5302	9				40024		2	0		1	0			86		10	999	999			0	999	30	30						0	0	0	1355:100	1
5303	9				40025		2	0		1	0			86		10	999	999			0	999	30	30						0	0	0	1356:100	1
5304	9				40027		2	0		1	0			86		10	999	999			0	999	30	30						0	0	0	1354:100	1
5305	9				40028		2	0		1	0			86		10	999	999			0	999	30	30						0	0	0	1353:100	1
5306	9				40029		2	0		1	0			86		10	999	999			0	999	30	30						0	0	0	1355:100	1
5310	12	1			35800		2	36		1	35			147		10	999	99			0	999	30	3					1	0	0	0		1
6000	8			2	41000		1	80	1	1	79			116			0				0	999	30	3						0	0	0		1
6001	8			2	41001		1	80	1	1	79			117			0				0	999	30	3						0	0	0		1
6002	8			2	41002		1	80	1	1	79			118			0				0	999	30	3						0	0	0		1
6003	8			2	41003		1	80	1	1	79			119			0				0	999	30	3						0	0	0		1
6004	8			2	41004		1	80	1	1	79			120			0				0	999	30	3						0	0	0		1
6005	8			2	41005		1	80	1	1	79			121			0				0	999	30	3						0	0	0		1
6006	8			2	41006		1	80	1	1	79			122			0				0	999	30	3						0	0	0		1
6007	8			2	41007		1	80	1	1	79			123			0				0	999	30	3						0	0	0		1
6008	8			2	41008		1	80	1	1	79			124			0				0	999	30	3						0	0	0		1
6009	8			2	41009		1	80	1	1	79			125			0				0	999	30	3						0	0	0		1
6010	8			2	41010		1	80	1	1	79			126			0				0	999	30	3						0	0	0		1
6011	8			2	41011		1	80	1	1	79			127			0				0	999	30	3						0	0	0		1
6012	8			2	41012		1	80	1	1	79			128			0				0	999	30	3						0	0	0		1
6013	8			2	41013		1	80	1	1	79			129			0				0	999	30	3						0	0	0		1
6014	8			2	41014		1	80	1	1	79			130			0				0	999	30	3						0	0	0		1
6015	8			2	41015		1	80	1	1	79			131			0				0	999	30	3						0	0	0		1
6016	8			2	41016		1	80	1	1	79			132			0				0	999	30	3						0	0	0		1
6017	8			2	41017		1	80	1	1	79			133			0				0	999	30	3						0	0	0		1
6018	8			2	41018		1	80	1	1	79			134			0				0	999	30	3						0	0	0		1
6019	8			2	41019		1	80	1	1	79			135			0				0	999	30	3						0	0	0		1
6020	8			2	41020		1	80	1	1	79			136			0				0	999	30	3						0	0	0		1
6021	8			2	41021		1	80	1	1	79			137			0				0	999	30	3						0	0	0		1
6022	8			2	41022		1	80	1	1	79			138			0				0	999	30	3						0	0	0		1
6023	8			2	41023		1	80	1	1	79			139			0				0	999	30	3						0	0	0		1
6024	8			2	41024		1	80	1	1	79			140			0				0	999	30	3						0	0	0		1
6025	8			2	41025		1	80	1	1	79			141			0				0	999	30	3						0	0	0		1
6026	8			2	41026		1	80	1	1	79			142			0				0	999	30	3						0	0	0		1
6027	8			2	41027		1	80	1	1	79			143			0				0	999	30	3						0	0	0		1
6028	8			2	41028		1	80	1	1	79			114			0				0	999	30	3						0	0	0		1
6029	8			2	41029		1	80	1	1	79			144			0				0	999	30	3						0	0	0		1
6030	8			2	41030		1	80	1	1	79			145			0				0	999	30	3						0	0	0		1
6031	8			2	41031		1	80	1	1	79			146			0				0	999	30	3						0	0	0		1
6032	8			2	41032		1	80	1	1	79			156			0				0	999	30	3						0	0	0		1
6033	8			2	41033		1	80	1	1	79			160			0				0	999	30	3						0	0	0		1
6034	8			2	41034		1	80	1	1	79			166			0				0	999	30	3						0	0	0		1
7000	11				42014		2	11	1	1	10			113			0				0	999	30	3	1				1	0	0	0	1365:100	1
7001	11				42006		2	11	1	1	10			100			0				0	999	30	3	1				1	0	0	0	1365:100	1
7002	11				42002		2	27	1	1	26			101			0				0	999	30	3	1				1	0	0	0	1365:100	1
7003	11				42001		2	33	1	1	32			102			0				0	999	30	3	1				1	0	0	0	1365:100	1
7004	11				42007		2	40	1	1	39			103			0				0	999	30	3	1				1	0	0	0	1365:100	1
7005	11				42003		2	44	1	1	43			104			0				0	999	30	3	1				1	0	0	0	1365:100	1
7006	11				42005		2	47	1	1	46			105			0				0	999	30	3	1				1	0	0	0	1365:100	1
7007	11				42004		2	50	1	1	49			106			0				0	999	30	3	1				1	0	0	0	1365:100	1
7008	11				42008		2	62	1	1	61			115			0				0	999	30	3	1				1	0	0	0	1365:100	1
7009	11				42009		2	33	1	1	32			108			0				0	999	30	3	1				1	0	0	0	1365:100	1
7010	11				42010		2	40	1	1	39			109			0				0	999	30	3	1				1	0	0	0	1365:100	1
7011	11				42012		2	44	1	1	43			110			0				0	999	30	3	1				1	0	0	0	1365:100	1
7012	11				42013		2	47	1	1	46			111			0				0	999	30	3	1				1	0	0	0	1365:100	1
7013	11				42011		2	50	1	1	49			112			0				0	999	30	3	1				1	0	0	0	1365:100	1
7100	8			3	43001		1	80	1	1	79			149			10				0	60	30	30						0	0	0	1371:100	1
7101	8			3	43002		1	80	1	1	79			149			10				0	60	30	30						0	0	0	1372:100	1
7102	8			3	43003		1	80	1	1	79			149			10				0	60	30	30						0	0	0	1373:100	1
7103	8			3	43004		1	80	1	1	79			149			10				0	60	30	30						0	0	0	1374:100	1
7104	8			3	43005		1	80	1	1	79			149			10				0	60	30	30						0	0	0	1375:100	1
7105	8			3	43006		1	80	1	1	79			149			10				0	60	30	30						0	0	0	1376:100	1
7201	14	1			44001		2	30	1	1	29			151			10					999	30	3					1	0	0	0	1465:100	1
7202	14	1			44002		2	30	1	1	29			155			10					999	30	3					1	0	0	0	1466:100	1
7203	14	1			44003		2	30	1	1	29			152			10					999	30	3					1	0	0	0	1467:100	1
7204	13				44004		2	40	1	1	39			159		10	999					999	30	30					1	0	0	0	1461:100	1
7205	13				44005		2	40	1	1	39			159		10	999					999	30	30					1	0	0	0	1462:100	1
7206	13				44006		2	40	1	1	39			159		10	999					999	30	30					1	0	0	0	1463:100	1
7207	13				44007		2	40	1	1	39			159		10	999					999	30	30					1	0	0	0	1464:100	1
7208	13				44004		2	60	1	1	59			159		10	999					999	30	30					1	0	0	0	1461:100	1
7209	13				44005		2	60	1	1	59			159		10	999					999	30	30					1	0	0	0	1462:100	1
7210	13				44006		2	60	1	1	59			159		10	999					999	30	30					1	0	0	0	1463:100	1
7211	13				44007		2	60	1	1	59			159		10	999					999	30	30					1	0	0	0	1464:100	1
7212	13				44004		2	80	1	1	79			159		10	999					999	30	30					1	0	0	0	1461:100	1
7213	13				44005		2	80	1	1	79			159		10	999					999	30	30					1	0	0	0	1462:100	1
7214	13				44006		2	80	1	1	79			159		10	999					999	30	30					1	0	0	0	1463:100	1
7215	13				44007		2	80	1	1	79			159		10	999					999	30	30					1	0	0	0	1464:100	1
7216	13				44004		2	90	1	1	89			159		10	999					999	30	30					1	0	0	0	1461:100	1
7217	13				44005		2	90	1	1	89			159		10	999					999	30	30					1	0	0	0	1462:100	1
7218	13				44006		2	90	1	1	89			159		10	999					999	30	30					1	0	0	0	1463:100	1
7219	13				44007		2	90	1	1	89			159		10	999					999	30	30					1	0	0	0	1464:100	1
