商品ID	商店类型	对应物品ID	轮替商品ID	对应物品数量	消耗金币	消耗水晶	消耗创世结晶	[消耗物品]1ID	[消耗物品]1数量	[消耗物品]2ID	[消耗物品]2数量	限购数量	刷新类型	刷新参数	提前预览天数	上架时间	下架时间	是否终身限购	前置条件	前置条件参数	最小可见等级	最小队伍等级	最大队伍等级	排序等级	二级页签ID	n选1组ID	显示平台
213101	1048	101401		5				204	10			50	2	1		2019-12-01 00:00:00	2035-01-01 00:00:00		5	2	1	1	99	1			
213102	1048	107012		1				204	1200			1	2	1		2019-12-01 00:00:00	2035-01-01 00:00:00		5	6	1	1	99	1			
213103	1048	104003		1				204	120			20	2	1		2019-12-01 00:00:00	2035-01-01 00:00:00		5	8	1	1	99	1			
213104	1048	104013		1				204	60			40	2	1		2019-12-01 00:00:00	2035-01-01 00:00:00		5	8	1	1	99	1			
213105	1048	202		10000				204	120			20	2	1		2019-12-01 00:00:00	2035-01-01 00:00:00		5	8	1	1	99	1			
213106	1048	105003		1				204	360			5	2	1		2019-12-01 00:00:00	2035-01-01 00:00:00		5	8	1	1	99	1			
213107	1048	105002		1				204	90			20	2	1		2019-12-01 00:00:00	2035-01-01 00:00:00		5	8	1	1	99	1			
213201	1048	107013		1				204	10			5	3	1		2019-12-01 00:00:00	2035-01-01 00:00:00		5	1	1	1	99	1			
213202	1048	372401		1				204	60			3	3	1		2019-12-01 00:00:00	2035-01-01 00:00:00		5	1	1	1	99	1			
213203	1048	372402		1				204	80			3	3	1		2019-12-01 00:00:00	2035-01-01 00:00:00		5	1	1	1	99	1			
213204	1048	372403		1				204	80			3	3	1		2019-12-01 00:00:00	2035-01-01 00:00:00		5	1	1	1	99	1			
213205	1048	372404		1				204	80			3	3	1		2019-12-01 00:00:00	2035-01-01 00:00:00		5	1	1	1	99	1			
213206	1048	372405		1				204	80			3	3	1		2019-12-01 00:00:00	2035-01-01 00:00:00		5	1	1	1	99	1			
213207	1048	372406		1				204	80			3	3	1		2019-12-01 00:00:00	2035-01-01 00:00:00		5	1	1	1	99	1			
213208	1048	372407		1				204	80			3	3	1		2019-12-01 00:00:00	2035-01-01 00:00:00		5	1	1	1	99	1			
213209	1048	372408		1				204	80			3	3	1		2019-12-01 00:00:00	2035-01-01 00:00:00		5	1	1	1	99	1			
213210	1048	372409		1				204	80			3	3	1		2019-12-01 00:00:00	2035-01-01 00:00:00		5	1	1	1	99	1			
213211	1048	372301		1				204	80			3	3	1		2019-12-01 00:00:00	2035-01-01 00:00:00		5	1	1	1	99	1			
213212	1048	372302		1				204	80			3	3	1		2019-12-01 00:00:00	2035-01-01 00:00:00		5	1	1	1	99	1			
213213	1048	372303		1				204	80			3	3	1		2019-12-01 00:00:00	2035-01-01 00:00:00		5	1	1	1	99	1			
213214	1048	372304		1				204	80			3	3	1		2019-12-01 00:00:00	2035-01-01 00:00:00		5	1	1	1	99	1			
213215	1048	372305		1				204	80			3	3	1		2019-12-01 00:00:00	2035-01-01 00:00:00		5	1	1	1	99	1			
213216	1048	372306		1				204	80			3	3	1		2019-12-01 00:00:00	2035-01-01 00:00:00		5	1	1	1	99	1			
213217	1048	372201		1				204	80			3	3	1		2019-12-01 00:00:00	2035-01-01 00:00:00		5	1	1	1	99	1			
213218	1048	372202		1				204	80			3	3	1		2019-12-01 00:00:00	2035-01-01 00:00:00		5	1	1	1	99	1			
213219	1048	372203		1				204	80			3	3	1		2019-12-01 00:00:00	2035-01-01 00:00:00		5	1	1	1	99	1			
213220	1048	372214		1				204	80			3	3	1		2019-12-01 00:00:00	2035-01-01 00:00:00		5	1	1	1	99	1			
213221	1048	372215		1				204	80			3	3	1		2019-12-01 00:00:00	2035-01-01 00:00:00		5	1	1	1	99	1			
213222	1048	372216		1				204	80			3	3	1		2019-12-01 00:00:00	2035-01-01 00:00:00		5	1	1	1	99	1			
213223	1048	372217		1				204	80			3	3	1		2019-12-01 00:00:00	2035-01-01 00:00:00		5	1	1	1	99	1			
213224	1048	372218		1				204	80			3	3	1		2019-12-01 00:00:00	2035-01-01 00:00:00		5	1	1	1	99	1			
213225	1048	372219		1				204	80			3	3	1		2019-12-01 00:00:00	2035-01-01 00:00:00		5	1	1	1	99	1			
213226	1048	372307		1				204	80			3	3	1		2019-12-01 00:00:00	2035-01-01 00:00:00		5	1	1	1	99	1			
213227	1048	372308		1				204	80			3	3	1		2019-12-01 00:00:00	2035-01-01 00:00:00		5	1	1	1	99	1			
213228	1048	372309		1				204	80			3	3	1		2019-12-01 00:00:00	2035-01-01 00:00:00		5	1	1	1	99	1			
213229	1048	372310		1				204	80			3	3	1		2019-12-01 00:00:00	2035-01-01 00:00:00		5	1	1	1	99	1			
213230	1048	372311		1				204	80			3	3	1		2019-12-01 00:00:00	2035-01-01 00:00:00		5	1	1	1	99	1			
213231	1048	372312		1				204	80			3	3	1		2019-12-01 00:00:00	2035-01-01 00:00:00		5	1	1	1	99	1			
213232	1048	372313		1				204	80			3	3	1		2019-12-01 00:00:00	2035-01-01 00:00:00		5	1	1	1	99	1			
213233	1048	372314		1				204	80			3	3	1		2019-12-01 00:00:00	2035-01-01 00:00:00		5	1	1	1	99	1			
213234	1048	372315		1				204	80			3	3	1		2019-12-01 00:00:00	2035-01-01 00:00:00		5	1	1	1	99	1			
213235	1048	372316		1				204	80			3	3	1		2019-12-01 00:00:00	2035-01-01 00:00:00		5	1	1	1	99	1			
213236	1048	372317		1				204	80			3	3	1		2019-12-01 00:00:00	2035-01-01 00:00:00		5	1	1	1	99	1			
213237	1048	372318		1				204	80			3	3	1		2019-12-01 00:00:00	2035-01-01 00:00:00		5	1	1	1	99	1			
213238	1048	372319		1				204	80			3	3	1		2019-12-01 00:00:00	2035-01-01 00:00:00		5	1	1	1	99	1			
213239	1048	372410		1				204	40			3	3	1		2019-12-01 00:00:00	2035-01-01 00:00:00		5	1	1	1	99	1			
213240	1048	372411		1				204	40			3	3	1		2019-12-01 00:00:00	2035-01-01 00:00:00		5	1	1	1	99	1			
213241	1048	372412		1				204	40			3	3	1		2019-12-01 00:00:00	2035-01-01 00:00:00		5	1	1	1	99	1			
213242	1048	372204		1				204	80			3	3	1		2019-12-01 00:00:00	2035-01-01 00:00:00		5	1	1	1	99	1			
213243	1048	372205		1				204	80			3	3	1		2019-12-01 00:00:00	2035-01-01 00:00:00		5	1	1	1	99	1			
213244	1048	372206		1				204	80			3	3	1		2019-12-01 00:00:00	2035-01-01 00:00:00		5	1	1	1	99	1			
213245	1048	372207		1				204	80			3	3	1		2019-12-01 00:00:00	2035-01-01 00:00:00		5	1	1	1	99	1			
213246	1048	372208		1				204	80			3	3	1		2019-12-01 00:00:00	2035-01-01 00:00:00		5	1	1	1	99	1			
213247	1048	372209		1				204	80			3	3	1		2019-12-01 00:00:00	2035-01-01 00:00:00		5	1	1	1	99	1			
213248	1048	372210		1				204	80			3	3	1		2019-12-01 00:00:00	2035-01-01 00:00:00		5	1	1	1	99	1			
213249	1048	372211		1				204	80			3	3	1		2019-12-01 00:00:00	2035-01-01 00:00:00		5	1	1	1	99	1			
213250	1048	372212		1				204	80			3	3	1		2019-12-01 00:00:00	2035-01-01 00:00:00		5	1	1	1	99	1			
213251	1048	372213		1				204	80			3	3	1		2019-12-01 00:00:00	2035-01-01 00:00:00		5	1	1	1	99	1			
213252	1048	372415		1				204	80			3	3	1		2019-12-01 00:00:00	2035-01-01 00:00:00		5	1	1	1	99	1			
213253	1048	372416		1				204	80			3	3	1		2019-12-01 00:00:00	2035-01-01 00:00:00		5	1	1	1	99	1			
213254	1048	372417		1				204	80			3	3	1		2019-12-01 00:00:00	2035-01-01 00:00:00		5	1	1	1	99	1			
213255	1048	372418		1				204	80			3	3	1		2019-12-01 00:00:00	2035-01-01 00:00:00		5	1	1	1	99	1			
213256	1048	372419		1				204	40			3	3	1		2019-12-01 00:00:00	2035-01-01 00:00:00		5	1	1	1	99	1			
213257	1048	372420		1				204	40			3	3	1		2019-12-01 00:00:00	2035-01-01 00:00:00		5	1	1	1	99	1			
213258	1048	372421		1				204	40			3	3	1		2019-12-01 00:00:00	2035-01-01 00:00:00		5	1	1	1	99	1			
213259	1048	372422		1				204	40			3	3	1		2019-12-01 00:00:00	2035-01-01 00:00:00		5	1	1	1	99	1			
213260	1048	372423		1				204	40			3	3	1		2019-12-01 00:00:00	2035-01-01 00:00:00		5	1	1	1	99	1			
213261	1048	372424		1				204	40			3	3	1		2019-12-01 00:00:00	2035-01-01 00:00:00		5	1	1	1	99	1			
213262	1048	372425		1				204	40			3	3	1		2019-12-01 00:00:00	2035-01-01 00:00:00		5	1	1	1	99	1			
213263	1048	372426		1				204	40			3	3	1		2019-12-01 00:00:00	2035-01-01 00:00:00		5	1	1	1	99	1			
213264	1048	372427		1				204	40			3	3	1		2019-12-01 00:00:00	2035-01-01 00:00:00		5	1	1	1	99	1			
213265	1048	372428		1				204	40			3	3	1		2019-12-01 00:00:00	2035-01-01 00:00:00		5	1	1	1	99	1			
213266	1048	372429		1				204	40			3	3	1		2019-12-01 00:00:00	2035-01-01 00:00:00		5	1	1	1	99	1			
213267	1048	372430		1				204	80			3	3	1		2019-12-01 00:00:00	2035-01-01 00:00:00		5	1	1	1	99	1			
213268	1048	372431		1				204	80			3	3	1		2019-12-01 00:00:00	2035-01-01 00:00:00		5	1	1	1	99	1			
213269	1048	372432		1				204	80			3	3	1		2019-12-01 00:00:00	2035-01-01 00:00:00		5	1	1	1	99	1			
213270	1048	372413		1				204	80			3	3	1		2019-12-01 00:00:00	2035-01-01 00:00:00		5	1	1	1	99	1			
213271	1048	372414		1				204	80			3	3	1		2019-12-01 00:00:00	2035-01-01 00:00:00		5	1	1	1	99	1			
213272	1048	372220		1				204	120			3	3	1		2019-12-01 00:00:00	2035-01-01 00:00:00		5	1	1	1	99	1			
213273	1048	372221		1				204	120			3	3	1		2019-12-01 00:00:00	2035-01-01 00:00:00		5	1	1	1	99	1			
213601	1048	381307		1				204	80			1				2019-12-01 00:00:00	2035-01-01 00:00:00		5	1	1	1	99	1			
213602	1048	384201		1				204	80			1				2019-12-01 00:00:00	2035-01-01 00:00:00		5	1	1	1	99	1			
213603	1048	382104		1				204	80			1				2019-12-01 00:00:00	2035-01-01 00:00:00		5	1	1	1	99	1			
213606	1048	384205		1				204	80			1				2019-12-01 00:00:00	2035-01-01 00:00:00		5	1	1	1	99	1			
213607	1048	384209		1				204	80			1				2019-12-01 00:00:00	2035-01-01 00:00:00		5	1	1	1	99	1			
213609	1048	390101		1				204	80			1				2019-12-01 00:00:00	2035-01-01 00:00:00		5	1	1	1	99	1			
213610	1048	390102		1				204	80			1				2019-12-01 00:00:00	2035-01-01 00:00:00		5	1	1	1	99	1			
213611	1048	390502		1				204	80			1				2019-12-01 00:00:00	2035-01-01 00:00:00		5	1	1	1	99	1			
213612	1048	394302		1				204	80			1				2019-12-01 00:00:00	2035-01-01 00:00:00		5	1	1	1	99	1			
213613	1048	394304		1				204	80			1				2019-12-01 00:00:00	2035-01-01 00:00:00		5	1	1	1	99	1			
213614	1048	393301		1				204	80			1				2019-12-01 00:00:00	2035-01-01 00:00:00		5	1	1	1	99	1			
213615	1048	393302		1				204	80			1				2019-12-01 00:00:00	2035-01-01 00:00:00		5	1	1	1	99	1			
213616	1048	393101		1				204	80			1				2019-12-01 00:00:00	2035-01-01 00:00:00		5	1	1	1	99	1			
213617	1048	393102		1				204	80			1				2019-12-01 00:00:00	2035-01-01 00:00:00		5	1	1	1	99	1			
213618	1048	393304		1				204	80			1				2019-12-01 00:00:00	2035-01-01 00:00:00		5	1	1	1	99	1			
213619	1048	393103		1				204	80			1				2019-12-01 00:00:00	2035-01-01 00:00:00		5	1	1	1	99	1			
213620	1048	393107		1				204	80			1				2019-12-01 00:00:00	2035-01-01 00:00:00		5	1	1	1	99	1			
213621	1048	393307		1				204	80			1				2019-12-01 00:00:00	2035-01-01 00:00:00		5	1	1	1	99	1			
213622	1048	394101		1				204	80			1				2019-12-01 00:00:00	2035-01-01 00:00:00		5	1	1	1	99	1			
213623	1048	394201		1				204	80			1				2019-12-01 00:00:00	2035-01-01 00:00:00		5	1	1	1	99	1			
213624	1048	394202		1				204	80			1				2019-12-01 00:00:00	2035-01-01 00:00:00		5	1	1	1	99	1			
213625	1048	380101		1				204	160			1				2019-12-01 00:00:00	2035-01-01 00:00:00		5	1	1	1	99	1			
213626	1048	380102		1				204	160			1				2019-12-01 00:00:00	2035-01-01 00:00:00		5	1	1	1	99	1			
213627	1048	380201		1				204	160			1				2019-12-01 00:00:00	2035-01-01 00:00:00		5	1	1	1	99	1			
213628	1048	380202		1				204	160			1				2019-12-01 00:00:00	2035-01-01 00:00:00		5	1	1	1	99	1			
213629	1048	380301		1				204	160			1				2019-12-01 00:00:00	2035-01-01 00:00:00		5	1	1	1	99	1			
213630	1048	380302		1				204	160			1				2019-12-01 00:00:00	2035-01-01 00:00:00		5	1	1	1	99	1			
213631	1048	380401		1				204	160			1				2019-12-01 00:00:00	2035-01-01 00:00:00		5	1	1	1	99	1			
213632	1048	380402		1				204	160			1				2019-12-01 00:00:00	2035-01-01 00:00:00		5	1	1	1	99	1			
213633	1048	380403		1				204	160			1				2019-12-01 00:00:00	2035-01-01 00:00:00		5	1	1	1	99	1			
213634	1048	380404		1				204	160			1				2019-12-01 00:00:00	2035-01-01 00:00:00		5	1	1	1	99	1			
213635	1048	381302		1				204	160			1				2019-12-01 00:00:00	2035-01-01 00:00:00		5	1	1	1	99	1			
213636	1048	381303		1				204	160			1				2019-12-01 00:00:00	2035-01-01 00:00:00		5	1	1	1	99	1			
213637	1048	381306		1				204	160			1				2019-12-01 00:00:00	2035-01-01 00:00:00		5	1	1	1	99	1			
213638	1048	381310		1				204	160			1				2019-12-01 00:00:00	2035-01-01 00:00:00		5	1	1	1	99	1			
213639	1048	382201		1				204	160			1				2019-12-01 00:00:00	2035-01-01 00:00:00		5	1	1	1	99	1			
213640	1048	382102		1				204	160			1				2019-12-01 00:00:00	2035-01-01 00:00:00		5	1	1	1	99	1			
213641	1048	382103		1				204	160			1				2019-12-01 00:00:00	2035-01-01 00:00:00		5	1	1	1	99	1			
213642	1048	382106		1				204	160			1				2019-12-01 00:00:00	2035-01-01 00:00:00		5	1	1	1	99	1			
213644	1048	383101		1				204	160			1				2019-12-01 00:00:00	2035-01-01 00:00:00		5	1	1	1	99	1			
213645	1048	381311		1				204	160			1				2019-12-01 00:00:00	2035-01-01 00:00:00		5	1	1	1	99	1			
213646	1048	382301		1				204	160			1				2019-12-01 00:00:00	2035-01-01 00:00:00		5	1	1	1	99	1			
213647	1048	382302		1				204	160			1				2019-12-01 00:00:00	2035-01-01 00:00:00		5	1	1	1	99	1			
213648	1048	384206		1				204	160			1				2019-12-01 00:00:00	2035-01-01 00:00:00		5	1	1	1	99	1			
213649	1048	384207		1				204	160			1				2019-12-01 00:00:00	2035-01-01 00:00:00		5	1	1	1	99	1			
213650	1048	383302		1				204	160			1				2019-12-01 00:00:00	2035-01-01 00:00:00		5	1	1	1	99	1			
213651	1048	383303		1				204	160			1				2019-12-01 00:00:00	2035-01-01 00:00:00		5	1	1	1	99	1			
213652	1048	383304		1				204	160			1				2019-12-01 00:00:00	2035-01-01 00:00:00		5	1	1	1	99	1			
213653	1048	383305		1				204	160			1				2019-12-01 00:00:00	2035-01-01 00:00:00		5	1	1	1	99	1			
213654	1048	383201		1				204	160			1				2019-12-01 00:00:00	2035-01-01 00:00:00		5	1	1	1	99	1			
213655	1048	383202		1				204	160			1				2019-12-01 00:00:00	2035-01-01 00:00:00		5	1	1	1	99	1			
213656	1048	383204		1				204	160			1				2019-12-01 00:00:00	2035-01-01 00:00:00		5	1	1	1	99	1			
213657	1048	383306		1				204	160			1				2019-12-01 00:00:00	2035-01-01 00:00:00		5	1	1	1	99	1			
213658	1048	383307		1				204	160			1				2019-12-01 00:00:00	2035-01-01 00:00:00		5	1	1	1	99	1			
213659	1048	383205		1				204	160			1				2019-12-01 00:00:00	2035-01-01 00:00:00		5	1	1	1	99	1			
213660	1048	383309		1				204	160			1				2019-12-01 00:00:00	2035-01-01 00:00:00		5	1	1	1	99	1			
213661	1048	381401		1				204	160			1				2019-12-01 00:00:00	2035-01-01 00:00:00		5	1	1	1	99	1			
213662	1048	381402		1				204	160			1				2019-12-01 00:00:00	2035-01-01 00:00:00		5	1	1	1	99	1			
213663	1048	381105		1				204	160			1				2019-12-01 00:00:00	2035-01-01 00:00:00		5	1	1	1	99	1			
213664	1048	382204		1				204	160			1				2019-12-01 00:00:00	2035-01-01 00:00:00		5	1	1	1	99	1			
213665	1048	382205		1				204	160			1				2019-12-01 00:00:00	2035-01-01 00:00:00		5	1	1	1	99	1			
213666	1048	381106		1				204	160			1				2019-12-01 00:00:00	2035-01-01 00:00:00		5	1	1	1	99	1			
213667	1048	383104		1				204	160			1				2019-12-01 00:00:00	2035-01-01 00:00:00		5	1	1	1	99	1			
213668	1048	390301		1				204	160			1				2019-12-01 00:00:00	2035-01-01 00:00:00		5	1	1	1	99	1			
213669	1048	390303		1				204	160			1				2019-12-01 00:00:00	2035-01-01 00:00:00		5	1	1	1	99	1			
213670	1048	390304		1				204	240			1				2019-12-01 00:00:00	2035-01-01 00:00:00		5	1	1	1	99	1			
213671	1048	390305		1				204	160			1				2019-12-01 00:00:00	2035-01-01 00:00:00		5	1	1	1	99	1			
213672	1048	390205		1				204	160			1				2019-12-01 00:00:00	2035-01-01 00:00:00		5	1	1	1	99	1			
213673	1048	390306		1				204	160			1				2019-12-01 00:00:00	2035-01-01 00:00:00		5	1	1	1	99	1			
213674	1048	390307		1				204	160			1				2019-12-01 00:00:00	2035-01-01 00:00:00		5	1	1	1	99	1			
213675	1048	390103		1				204	160			1				2019-12-01 00:00:00	2035-01-01 00:00:00		5	1	1	1	99	1			
213676	1048	394303		1				204	160			1				2019-12-01 00:00:00	2035-01-01 00:00:00		5	1	1	1	99	1			
213677	1048	394305		1				204	160			1				2019-12-01 00:00:00	2035-01-01 00:00:00		5	1	1	1	99	1			
213678	1048	393303		1				204	160			1				2019-12-01 00:00:00	2035-01-01 00:00:00		5	1	1	1	99	1			
213679	1048	393305		1				204	160			1				2019-12-01 00:00:00	2035-01-01 00:00:00		5	1	1	1	99	1			
213680	1048	393104		1				204	160			1				2019-12-01 00:00:00	2035-01-01 00:00:00		5	1	1	1	99	1			
213681	1048	393201		1				204	160			1				2019-12-01 00:00:00	2035-01-01 00:00:00		5	1	1	1	99	1			
213682	1048	390309		1				204	160			1				2019-12-01 00:00:00	2035-01-01 00:00:00		5	1	1	1	99	1			
213683	1048	394401		1				204	160			1				2019-12-01 00:00:00	2035-01-01 00:00:00		5	1	1	1	99	1			
213684	1048	394402		1				204	160			1				2019-12-01 00:00:00	2035-01-01 00:00:00		5	1	1	1	99	1			
213685	1048	393306		1				204	160			1				2019-12-01 00:00:00	2035-01-01 00:00:00		5	1	1	1	99	1			
213686	1048	393108		1				204	160			1				2019-12-01 00:00:00	2035-01-01 00:00:00		5	1	1	1	99	1			
213687	1048	393109		1				204	160			1				2019-12-01 00:00:00	2035-01-01 00:00:00		5	1	1	1	99	1			
213688	1048	394103		1				204	80			1				2019-12-01 00:00:00	2035-01-01 00:00:00		5	1	1	1	99	1			
213689	1048	394104		1				204	80			1				2019-12-01 00:00:00	2035-01-01 00:00:00		5	1	1	1	99	1			
213690	1048	393111		1				204	160			1				2019-12-01 00:00:00	2035-01-01 00:00:00		5	1	1	1	99	1			
213691	1048	393112		1				204	160			1				2019-12-01 00:00:00	2035-01-01 00:00:00		5	1	1	1	99	1			
213692	1048	394308		1				204	160			1				2019-12-01 00:00:00	2035-01-01 00:00:00		5	1	1	1	99	1			
213693	1048	393202		1				204	160			1				2019-12-01 00:00:00	2035-01-01 00:00:00		5	1	1	1	99	1			
213694	1048	394105		1				204	160			1				2019-12-01 00:00:00	2035-01-01 00:00:00		5	1	1	1	99	1			
213695	1048	393401		1				204	160			1				2019-12-01 00:00:00	2035-01-01 00:00:00		5	1	1	1	99	1			
213696	1048	393403		1				204	160			1				2019-12-01 00:00:00	2035-01-01 00:00:00		5	1	1	1	99	1			
213697	1048	393404		1				204	160			1				2019-12-01 00:00:00	2035-01-01 00:00:00		5	1	1	1	99	1			
213698	1048	393405		1				204	160			1				2019-12-01 00:00:00	2035-01-01 00:00:00		5	1	1	1	99	1			
213699	1048	382101		1				204	240			1				2019-12-01 00:00:00	2035-01-01 00:00:00		5	1	1	1	99	1			
213700	1048	381203		1				204	240			1				2019-12-01 00:00:00	2035-01-01 00:00:00		5	1	1	1	99	1			
213701	1048	381205		1				204	240			1				2019-12-01 00:00:00	2035-01-01 00:00:00		5	1	1	1	99	1			
213702	1048	391202		1				204	240			1				2019-12-01 00:00:00	2035-01-01 00:00:00		5	1	1	1	99	1			
213703	1048	391203		1				204	240			1				2019-12-01 00:00:00	2035-01-01 00:00:00		5	1	1	1	99	1			
213704	1048	391204		1				204	240			1				2019-12-01 00:00:00	2035-01-01 00:00:00		5	1	1	1	99	1			
213705	1048	390109		1				204	240			1				2019-12-01 00:00:00	2035-01-01 00:00:00		5	1	1	1	99	1			
213706	1048	390110		1				204	240			1				2019-12-01 00:00:00	2035-01-01 00:00:00		5	1	1	1	99	1			
213707	1048	391205		1				204	240			1				2019-12-01 00:00:00	2035-01-01 00:00:00		5	1	1	1	99	1			
213708	1048	391206		1				204	240			1				2019-12-01 00:00:00	2035-01-01 00:00:00		5	1	1	1	99	1			
213709	1048	391207		1				204	240			1				2019-12-01 00:00:00	2035-01-01 00:00:00		5	1	1	1	99	1			
213710	1048	391208		1				204	240			1				2019-12-01 00:00:00	2035-01-01 00:00:00		5	1	1	1	99	1			
213711	1048	391209		1				204	240			1				2019-12-01 00:00:00	2035-01-01 00:00:00		5	1	1	1	99	1			
213712	1048	391210		1				204	240			1				2019-12-01 00:00:00	2035-01-01 00:00:00		5	1	1	1	99	1			
213713	1048	391211		1				204	240			1				2019-12-01 00:00:00	2035-01-01 00:00:00		5	1	1	1	99	1			
213714	1048	393115		1				204	80			1				2019-12-01 00:00:00	2035-01-01 00:00:00		5	1	1	1	99	1			
213715	1048	393203		1				204	80			1				2019-12-01 00:00:00	2035-01-01 00:00:00		5	1	1	1	99	1			
213716	1048	394106		1				204	160			1				2019-12-01 00:00:00	2035-01-01 00:00:00		5	1	1	1	99	1			
213717	1048	394107		1				204	80			1				2019-12-01 00:00:00	2035-01-01 00:00:00		5	1	1	1	99	1			
213718	1048	394108		1				204	80			1				2019-12-01 00:00:00	2035-01-01 00:00:00		5	1	1	1	99	1			
213719	1048	393116		1				204	80			1				2019-12-01 00:00:00	2035-01-01 00:00:00		5	1	1	1	99	1			
213720	1048	391107		1				204	80			1				2019-12-01 00:00:00	2035-01-01 00:00:00		5	1	1	1	99	1			
213721	1048	393117		1				204	80			1				2019-12-01 00:00:00	2035-01-01 00:00:00		5	1	1	1	99	1			
213722	1048	393118		1				204	160			1				2019-12-01 00:00:00	2035-01-01 00:00:00		5	1	1	1	99	1			
213723	1048	393311		1				204	160			1				2019-12-01 00:00:00	2035-01-01 00:00:00		5	1	1	1	99	1			
213724	1048	393312		1				204	160			1				2019-12-01 00:00:00	2035-01-01 00:00:00		5	1	1	1	99	1			
213725	1048	393119		1				204	160			1				2019-12-01 00:00:00	2035-01-01 00:00:00		5	1	1	1	99	1			
213726	1048	383310		1				204	160			1				2019-12-01 00:00:00	2035-01-01 00:00:00		5	1	1	1	99	1			
213727	1048	350033		1				204	240			1				2019-12-01 00:00:00	2035-01-01 00:00:00		5	1	1	1	99	1			
213728	1048	350034		1				204	240			1				2019-12-01 00:00:00	2035-01-01 00:00:00		5	1	1	1	99	1			
213729	1048	350035		1				204	240			1				2019-12-01 00:00:00	2035-01-01 00:00:00		5	1	1	1	99	1			
213730	1048	350036		1				204	240			1				2019-12-01 00:00:00	2035-01-01 00:00:00		5	1	1	1	99	1			
213731	1048	350037		1				204	240			1				2019-12-01 00:00:00	2035-01-01 00:00:00		5	1	1	1	99	1			
213732	1048	350038		1				204	240			1				2019-12-01 00:00:00	2035-01-01 00:00:00		5	1	1	1	99	1			
213733	1048	350039		1				204	240			1				2019-12-01 00:00:00	2035-01-01 00:00:00		5	1	1	1	99	1			
213734	1048	350040		1				204	240			1				2019-12-01 00:00:00	2035-01-01 00:00:00		5	1	1	1	99	1			
213735	1048	350041		1				204	240			1				2019-12-01 00:00:00	2035-01-01 00:00:00		5	1	1	1	99	1			
213736	1048	350042		1				204	240			1				2019-12-01 00:00:00	2035-01-01 00:00:00		5	1	1	1	99	1			
213737	1048	350043		1				204	240			1				2019-12-01 00:00:00	2035-01-01 00:00:00		5	1	1	1	99	1			
213738	1048	350044		1				204	240			1				2019-12-01 00:00:00	2035-01-01 00:00:00		5	1	1	1	99	1			
213739	1048	350045		1				204	240			1				2019-12-01 00:00:00	2035-01-01 00:00:00		5	1	1	1	99	1			
213740	1048	350046		1				204	240			1				2019-12-01 00:00:00	2035-01-01 00:00:00		5	1	1	1	99	1			
213741	1048	350047		1				204	240			1				2019-12-01 00:00:00	2035-01-01 00:00:00		5	1	1	1	99	1			
