ConfigID	怪物ID	伴生怪物组ID	悬赏完成类型	affix	AbilityGroup	优先创生位置	等级	修正等级ID	城市列表	难度	限制时间	前置线索数量	[出现条件]1类型	[出现条件]2类型	Initial Pose
10001	20020101			4011,4020,4032,4064	AbilityGroup_Reputation_Hunting_BowVulnerable		1	1000	1,2	0	600	3			
10002	20020101			4008,4017,4032,4064	AbilityGroup_Reputation_Hunting_SwordVulnerable		1	1000	1,2	0	600	3			
10003	20020101			4009,4016,4032,4064	AbilityGroup_Reputation_Hunting_CatalystVulnerable		1	1000	1,2	0	600	3			
10004	20020101			4010,4018,4032,4064	AbilityGroup_Reputation_Hunting_ClaymoreVulnerable		1	1000	1,2	0	600	3			
10005	20020101			4012,4019,4032,4064	AbilityGroup_Reputation_Hunting_PoleVulnerable		1	1000	1,2	0	600	3			
10006	21020101			4009,4020,4033,4064	AbilityGroup_Reputation_Hunting_BowVulnerable		1	1000	1,2	0	600	3			
10007	21020101			4012,4018,4033,4064	AbilityGroup_Reputation_Hunting_ClaymoreVulnerable		1	1000	1,2	0	600	3			
10008	21020101			4013,4019,4033,4064	AbilityGroup_Reputation_Hunting_PoleVulnerable		1	1000	1,2	0	600	3			
10009	21020201			4011,4016,4033,4064	AbilityGroup_Reputation_Hunting_CatalystVulnerable		1	1000	1,2	0	600	3			
10010	21020201			4008,4017,4033,4064	AbilityGroup_Reputation_Hunting_SwordVulnerable		1	1000	1,2	0	600	3			
10011	21020201			4010,4018,4033,4064	AbilityGroup_Reputation_Hunting_ClaymoreVulnerable		1	1000	1,2	0	600	3			
10012	21020301			4008,4018,4033,4064	AbilityGroup_Reputation_Hunting_ClaymoreVulnerable		1	1000	2	0	600	3			
10013	21020301			4011,4018,4033,4064	AbilityGroup_Reputation_Hunting_ClaymoreVulnerable		1	1000	2	0	600	3			
10014	22010101			4011,4027,4033,4064		1	1	1000	1,2	0	600	3			
10015	22010101			4010,4026,4033,4064		1	1	1000	1,2	0	600	3			
10016	22010101			4009,4028,4033,4064		1	1	1000	1,2	0	600	3			
10017	22010201			4008,4028,4033,4064			1	1000	1,2	0	600	3			
10018	22010201			4011,4025,4033,4064			1	1000	1,2	0	600	3			
10019	22010301			4008,4028,4033,4064			1	1000	1,2	0	600	3			
10020	22010301			4011,4025,4033,4064			1	1000	1,2	0	600	3			
20001	22010101			4010,4011,4026,4035,4040,4064		1	1	1001	1,2	1	600	3			
20002	22010201			4008,4009,4028,4035,4040,4064			1	1001	1,2	1	600	3			
20003	22010301			4008,4011,4027,4035,4040,4064			1	1001	1,2	1	600	3			
20004	26030101			4008,4010,4018,4035,4040,4064	AbilityGroup_Reputation_Hunting_ClaymoreVulnerable		1	1001	2	1	600	3			
20005	26030101			4009,4011,4017,4035,4040,4064	AbilityGroup_Reputation_Hunting_SwordVulnerable		1	1001	2	1	600	3			
20006	26030101			4010,4011,4019,4035,4040,4064	AbilityGroup_Reputation_Hunting_PoleVulnerable		1	1001	2	1	600	3			
20007	26030101			4008,4009,4016,4035,4040,4064	AbilityGroup_Reputation_Hunting_CatalystVulnerable		1	1001	2	1	600	3			
20008	20020101			4010,4011,4020,4033,4064	AbilityGroup_Reputation_Hunting_BowVulnerable		1	1001	1,2	1	600	3			
20009	20020101			4008,4010,4017,4033,4064	AbilityGroup_Reputation_Hunting_SwordVulnerable		1	1001	1,2	1	600	3			
20010	20020101			4009,4011,4016,4033,4064	AbilityGroup_Reputation_Hunting_CatalystVulnerable		1	1001	1,2	1	600	3			
20011	20020101			4009,4010,4018,4033,4064	AbilityGroup_Reputation_Hunting_ClaymoreVulnerable		1	1001	1,2	1	600	3			
20012	20020101			4008,4011,4019,4033,4064	AbilityGroup_Reputation_Hunting_PoleVulnerable		1	1001	1,2	1	600	3			
20013	21020101			4056,4063,4051,4064			1	1001	1,2	1	600	3			
20014	21020101			4056,4063,4049,4064			1	1001	1,2	1	600	3			
20015	21020201			4056,4063,4051,4064			1	1001	1,2	1	600	3			
20016	21020201			4056,4063,4052,4064			1	1001	1,2	1	600	3			
20017	21020301			4056,4063,4050,4064			1	1001	2	1	600	3			
20018	21020301			4056,4063,4052,4064			1	1001	2	1	600	3			
20019	21020101			4040,4013,4019,4024,4035,4041,4064	AbilityGroup_Reputation_Hunting_PoleAndFallingVulnerable		1	1001	1,2	1	600	3			
20020	21020201			4012,4011,4017,4024,4035,4041,4064	AbilityGroup_Reputation_Hunting_SwordAndFallingVulnerable		1	1001	1,2	1	600	3			
20021	21020301			4009,4010,4018,4024,4035,4041,4064	AbilityGroup_Reputation_Hunting_ClaymoreAndFallingVulnerable		1	1001	2	1	600	3			
30001	24010101			4002,4025,4026,4027,4028,4029,4030,4031,4036,4040,4064			1	1002	1,2	2	600	3			
30002	24010101			4009,4013,4028,4024,4036,4040,4064	AbilityGroup_Reputation_Hunting_FallingAttackVulnerable		1	1002	1,2	2	600	3			
30003	24010101			4008,4010,4058,4061,4045,4064	AbilityGroup_Reputation_Hunting_SwordVulnerable_High		1	1002	1,2	2	600	3			
30004	24010201			4008,4013,4022,4034,4040,4064	AbilityGroup_Reputation_Hunting_ExtraCriticalHurt		1	1002	1,2	2	600	3			100
30005	24010201			4011,4012,4021,4034,4040,4024,4064	AbilityGroup_Reputation_Hunting_FallingAttackVulnerable		1	1002	1,2	2	600	3			100
30006	24010201			4002,4025,4026,4027,4028,4029,4030,4031,4034,4040,4064			1	1002	1,2	2	600	3			100
30007	24010201			4009,4010,4059,4046,4061,4064	AbilityGroup_Reputation_Hunting_ClaymoreVulnerable_High		1	1002	1,2	2	600	3			100
30008	21020501			4002,4025,4026,4027,4028,4029,4030,4031,4034,4040,4064			1	1002	2	2	600	3			
30009	21020501			4008,4028,4034,4040,4064	AbilityGroup_Reputation_Hunting_ClaymoreVulnerable		1	1002	2	2	600	3			
30010	21020501			4010,4024,4026,4034,4040,4064	AbilityGroup_Reputation_Hunting_SwordAndFallingVulnerable		1	1002	2	2	600	3			
30011	21020501			4010,4016,4034,4040,4064	AbilityGroup_Reputation_Hunting_CatalystVulnerable		1	1002	2	2	600	3			
30012	21020501			4011,4027,4034,4040,4064	AbilityGroup_Reputation_Hunting_PoleVulnerable		1	1002	2	2	600	3			
