ID
101
102
103
104
105
106
107
108
109
110
111
112
113
114
115
116
117
118
119
120
121
122
123
124
125
126
201
202
203
204
210
211
221
222
223
224
301
302
303
304
305
306
307
315
317
911
912
913
914
915
916
917
1002
1003
1005
1006
1007
1014
1015
1016
1020
1021
1022
1023
1024
1025
1026
1027
1029
1030
1031
1032
1033
1034
1035
1036
1037
1038
1039
1041
1042
1043
1044
1045
1046
1047
1048
1051
1102
1103
1105
1106
1107
1114
1115
1116
1120
1121
1122
1123
1124
1125
1126
1127
1129
1130
1131
1132
1133
1134
1135
1136
1137
1138
1139
1141
1142
1143
1144
1145
1146
1147
1148
1151
1201
1202
2001
2002
2003
2004
2005
2006
2007
2008
2017
2018
2019
2020
2021
2022
2023
2024
2025
2026
2027
2028
2029
3001
3002
3003
3004
3005
3006
3007
3008
3018
3019
3009
3010
3011
3012
3013
3014
3015
3016
3017
3020
3021
3022
100001
100002
100011
100012
100013
100014
100015
100016
100017
100018
100019
100020
100021
100022
100023
100024
100025
100026
100027
100028
100029
100030
100031
100032
100033
100034
100051
100052
100053
100054
100055
100056
100057
100058
100061
100062
100063
100064
100072
100073
100074
100075
100076
100077
100078
100079
100080
100081
100082
100083
100084
100085
100086
100087
100088
100089
100090
100091
100092
100093
100094
101001
101002
101003
101004
101005
101006
101007
101101
101102
101103
101104
101105
101106
101107
101108
101109
101110
101206
101301
101302
101303
101304
101305
101306
101307
101308
101401
101402
101403
101404
100003
100004
100006
100007
100008
100009
100010
100101
100102
100103
100104
100105
100106
100107
100108
100109
100110
100111
100112
100113
100114
100115
100120
100121
100122
100123
100124
100125
100126
100131
100132
100133
100134
100135
100136
100137
100138
100139
100140
100141
100142
100143
100144
100145
100146
100147
100148
100149
100151
100152
100153
100154
100158
100159
100160
100161
100162
100163
100164
100165
100171
100172
100173
100174
100175
100176
100177
100178
100179
100180
100181
100182
100183
100184
100185
100186
100187
100188
100189
100190
100191
100192
100193
100194
100195
100196
100197
100198
100199
100200
100201
100202
100203
100204
100205
100206
100207
100208
100210
100211
100212
100213
100214
100215
100216
100217
100218
100219
100220
100221
100222
100223
100224
100225
100226
100227
100228
100229
100230
100239
100240
100241
100231
100232
100245
100233
100234
100235
100237
100238
100242
100243
100244
100236
100301
100302
100303
100304
100305
100306
100307
100308
100309
100310
100311
100312
100313
100314
100315
100316
100317
100318
100319
100320
100321
100322
100323
100324
100325
100326
100327
100328
100329
100330
100331
100332
100333
100334
100335
100336
100337
100338
100339
100340
100341
100342
100343
100344
100345
100346
100347
100348
100349
100350
100351
100352
100353
100354
100355
100356
100357
100358
100359
100360
100361
100362
100363
100364
100365
100366
100367
100368
100369
100370
100371
100372
100373
100374
100375
100376
100377
100378
100379
100380
100381
100382
100383
100384
100385
100386
100387
100388
100389
100390
100391
100392
100393
100394
100395
100396
100397
100398
100399
100400
100401
100402
100403
100404
100405
100406
100407
100408
100409
100410
100411
100412
100413
100414
100415
100416
100417
100418
100419
100420
100421
100422
100423
100424
100425
100426
100427
100428
100429
100430
100431
100432
100433
100434
100435
100436
100437
100438
100439
100440
100441
100442
100443
100444
100445
100450
100451
100452
100453
100454
100455
100456
100457
100458
100459
100460
100461
100462
100463
100464
100465
100466
100467
100468
100469
100470
100471
100472
100473
100474
100475
100476
100477
100478
100479
100480
100481
100482
100483
100484
100485
100486
100487
100488
100489
100490
100491
100492
100493
100494
100495
100496
100497
100498
100499
100500
100501
100502
100503
100504
100505
100506
100507
100508
100509
100510
100511
100512
100513
100514
100515
100516
100517
100518
100519
100520
100521
100522
100523
100524
100525
100526
100527
100528
100529
100530
100531
100532
100533
100534
100535
100536
100537
100538
100539
100540
100541
100542
100543
100544
100549
100550
100551
100552
100553
100554
100555
100556
100557
100558
100559
100560
100561
100562
100563
100564
100565
100566
100567
100568
100569
100570
100571
100572
100573
100574
100575
100576
100577
100578
100579
100580
100581
100582
100583
100584
100585
100586
100587
100588
100589
100590
100591
100592
100593
100594
100595
100596
100597
100598
100599
100600
100601
100602
100603
100604
100605
100606
100607
100608
100609
100610
100611
100612
100613
100614
100615
100616
100617
100618
100619
100620
100621
100622
100623
100624
100625
100631
100636
100637
100638
100639
100640
100641
100642
100643
100644
100645
100692
100693
100646
100647
100648
100649
100650
100651
100652
100653
100654
100655
100656
100657
100658
100659
100660
100661
100662
100663
100664
100665
100666
100667
100689
100690
100691
100700
100701
100702
100703
100711
100712
100668
100669
100670
100671
100672
100673
100674
100675
100676
100677
100678
100679
100680
100686
100687
100688
100694
100695
100696
100697
100698
100730
100731
100732
100733
100734
100735
100736
100737
100738
100757
100758
100811
100812
100813
100814
100815
100816
100817
100818
100819
100820
100821
100822
100823
100824
100825
100831
102001
102002
102003
102004
102005
102006
102007
102008
103001
103002
103003
103004
103005
103006
103007
103008
104001
104002
104003
104011
104012
104013
104101
104102
104103
104104
104111
104112
104113
104114
104121
104122
104123
104124
104131
104132
104133
104134
104141
104142
104143
104144
104151
104152
104153
104154
104161
104162
104163
104164
104171
104172
104173
104174
104201
104301
104302
104303
104304
104305
104306
104307
104308
104309
104310
104311
104312
104313
104314
104315
104316
104317
104318
104319
105001
105002
105003
105004
106000
106001
107001
107002
107003
107004
107005
107006
107007
107009
107010
107011
107012
107013
100716
100717
100718
100719
100720
100727
100725
100726
100728
100729
100739
100740
100741
100742
100743
100744
100745
100746
100747
100748
100749
100750
100751
100752
100753
100754
100755
100756
100759
100760
100761
100762
100763
100764
100765
100766
100767
100779
100780
100781
100782
100783
100784
100785
100786
100787
100788
100826
100827
100828
100829
100832
100833
100835
100836
100837
100838
100839
100840
100841
100842
100843
100844
100845
100846
100851
100906
101515
108000
108001
108002
108003
108004
108005
108006
108007
108008
108009
108010
108011
108012
108013
108014
108015
108016
108017
108018
108019
108020
108021
108022
108023
108024
108025
108026
108027
108028
108029
108030
108031
108032
108033
108034
108035
108036
108037
108038
108039
108040
108041
108042
108043
108044
108045
108046
108047
108048
108049
108050
108051
108052
108053
108054
108055
108056
108057
108058
108059
108060
108061
108062
108063
108064
108065
108066
108067
108068
108069
108070
108071
108072
108073
108074
108075
108076
108077
108078
108079
108080
108081
108082
108083
108084
108085
108086
108087
108088
108089
108090
108091
108092
108093
108094
108095
108096
108097
108098
108099
108100
108101
108102
108103
108104
108105
108106
108107
108108
108109
108110
108111
108112
108113
108114
108115
108116
108117
108118
108119
108120
108121
108122
108123
108124
108125
108126
108127
108128
108129
108130
108131
108132
108133
108134
108135
108136
108137
108138
108139
108140
108141
108142
108143
108144
108145
108146
108147
108148
108149
108150
108151
108152
108153
108154
108155
108156
108157
108158
108159
108160
108161
108162
108163
108164
108165
108166
108167
108168
108169
108170
108171
108172
108173
108174
108175
108176
108177
108178
108179
108180
108181
108182
108183
108184
108185
108186
108187
108188
108189
108190
108191
108192
108193
108194
108195
108196
108197
108198
108199
108200
108201
108202
108203
108204
108205
108206
108207
108208
108209
108210
108211
108212
108213
108214
108215
108216
108217
108218
108219
108220
108221
108222
108223
108224
108225
108226
108227
108228
108229
108230
108231
108232
108233
108234
108235
108236
108237
108238
108239
108240
108241
108242
108243
108244
108245
108246
108247
108248
109000
109101
109102
109103
109104
109106
109107
109201
109202
109203
109204
109205
109206
109207
109301
109302
109303
109304
109401
109402
109403
109404
109405
109406
109407
109408
109409
109410
109411
109412
109413
109414
109415
109416
109417
109418
109419
109420
109421
109422
109423
109424
109425
109426
109427
109428
109429
109430
109431
109432
109433
109434
109435
109436
109437
109438
109439
109440
109441
109442
109443
109444
109445
109446
109447
109448
109449
109450
109451
110000
110001
110002
110003
110004
110005
110006
110008
110009
110010
110011
110012
110013
111006
111007
111008
111009
111010
111011
111012
111013
111014
111015
111016
111017
111018
111019
111020
111021
111022
112001
112002
112003
112004
112005
112006
112007
112008
112009
112010
112011
112012
112013
112014
112015
112016
112017
112018
112019
112020
112021
112022
112023
112024
112025
112026
112027
112028
112029
112030
112031
112032
112033
112034
112035
112036
112037
112038
112039
112040
112041
112042
112043
113001
113002
113003
113004
113005
113006
113007
113008
113009
113010
113011
113012
113013
113014
113015
113016
113017
113018
113019
113020
113021
113022
114001
114002
114003
114004
114005
114006
114007
114008
114009
114010
114011
114012
114013
114014
114015
114016
114017
114018
114019
114020
114021
114022
114023
114024
115001
115002
115003
115004
115005
115006
115007
115008
115009
115010
115011
115012
115013
115014
115015
115016
115017
115018
115019
115020
115021
115022
115023
115024
115025
115026
115027
115028
115029
115030
115031
116001
116002
116003
116004
116005
116006
116007
116008
116009
117001
117002
117003
117004
117005
118001
118002
140001
140002
140003
140004
140005
140006
140007
200001
200002
200003
200004
200101
200102
200103
200104
200105
200201
200202
200203
200204
200205
200206
200207
200208
200209
200210
200211
200212
200213
200214
200215
200216
200217
200218
200219
200220
200221
200222
200223
200224
200225
200226
200227
200228
200229
200230
200231
200232
200233
200234
200235
200236
200237
200238
200239
200240
210001
210002
210003
210004
210005
210006
210007
210008
210009
210010
210011
210012
210013
210014
210015
210016
210017
210018
210019
210020
210021
210022
210023
210024
210025
210026
210027
210028
210029
210030
210031
210032
210033
210038
210039
210040
210041
210042
210043
210044
210045
210046
210047
210048
210049
210050
210051
210052
210053
210054
210055
210056
210057
210058
210059
210060
210061
210062
210063
210064
210065
210066
210067
210068
210069
210070
210071
210072
210073
210074
210075
210076
210077
210078
100545
100546
100547
100548
100626
100627
100628
100629
100630
100632
100633
100634
100635
100681
100682
100683
100684
100685
100699
100704
100705
100706
100707
100708
100709
100710
100713
100714
100715
100721
100722
100723
100724
220001
220002
220003
220004
220005
220006
220007
220008
220009
220013
220014
220015
220016
220017
220018
220019
220020
220021
220022
220023
220024
220025
220026
220027
220028
220029
220030
220031
221001
221002
221003
221004
221005
221006
221007
221008
221009
221017
221010
221011
221012
340000
340001
350001
350002
350003
350004
350005
350006
350007
350008
350009
350010
350011
350012
350013
350014
350015
350016
350017
350018
350019
350020
350021
350022
350023
350024
350025
350026
350027
350028
350029
350030
380101
380102
380201
380202
380301
380302
380401
380402
380403
380404
380405
381101
381102
381103
381104
381105
381106
381201
381202
381203
381204
381205
381206
381207
381208
381301
381302
381303
381304
381305
381306
381307
381308
381309
381310
381311
381401
381402
381501
382101
382102
382103
382104
382105
382106
382201
382202
382203
382204
382205
382206
382207
382301
382302
382303
382304
383101
383102
383103
383104
383201
383202
383203
383204
383205
383301
383302
383303
383304
383305
383306
383307
383308
383309
384101
384102
384103
384104
384105
384106
384201
384202
384203
384204
384205
384206
384207
384208
384209
384210
384211
390101
390102
390103
390104
390105
390106
390107
390108
390201
390202
390203
390204
390205
390206
390207
390208
390301
390302
390303
390304
390305
390306
390307
390308
390309
390401
390402
390501
390502
390503
390504
391101
391102
391103
391201
391202
391203
391204
393101
393102
393103
393104
393105
393106
393107
393108
393109
393110
393111
393112
393113
393114
393201
393202
393301
393302
393303
393304
393305
393306
393307
393308
393309
393310
393401
393402
393403
393404
393405
394101
394102
394103
394104
394105
394201
394202
394301
394302
394303
394304
394305
394306
394307
394308
394309
394401
394402
382208
390109
390110
391205
391206
391207
391208
391209
391210
391211
391104
380406
382209
393115
393203
394106
394107
394108
393116
391107
393117
393118
393311
393312
393119
383310
394310
394311
394403
393120
394404
393313
393121
393122
393123
393124
394203
391109
350033
350034
350035
350036
350037
350038
350039
350040
350041
350042
350043
350044
350045
350046
350047
