最小等级	总索引	掉落ID	掉落次数
1	史莱姆	300000000	1
5	史莱姆	300000100	1
10	史莱姆	300000200	1
15	史莱姆	300000300	1
20	史莱姆	300000400	1
25	史莱姆	300000500	1
30	史莱姆	300000600	1
35	史莱姆	300000700	1
40	史莱姆	300000800	1
45	史莱姆	300000900	1
50	史莱姆	300001000	1
55	史莱姆	300001100	1
60	史莱姆	300001200	1
65	史莱姆	300001300	1
70	史莱姆	300001400	1
75	史莱姆	300001500	1
80	史莱姆	300001600	1
85	史莱姆	300001700	1
90	史莱姆	300001800	1
93	史莱姆	300001900	1
100	史莱姆	300002000	1
105	史莱姆	300002100	1
110	史莱姆	300002200	1
115	史莱姆	300002300	1
120	史莱姆	300002400	1
1	大史莱姆	301000000	1
5	大史莱姆	301000100	1
10	大史莱姆	301000200	1
15	大史莱姆	301000300	1
20	大史莱姆	301000400	1
25	大史莱姆	301000500	1
30	大史莱姆	301000600	1
35	大史莱姆	301000700	1
40	大史莱姆	301000800	1
45	大史莱姆	301000900	1
50	大史莱姆	301001000	1
55	大史莱姆	301001100	1
60	大史莱姆	301001200	1
65	大史莱姆	301001300	1
70	大史莱姆	301001400	1
75	大史莱姆	301001500	1
80	大史莱姆	301001600	1
85	大史莱姆	301001700	1
90	大史莱姆	301001800	1
93	大史莱姆	301001900	1
100	大史莱姆	301002000	1
105	大史莱姆	301002100	1
110	大史莱姆	301002200	1
115	大史莱姆	301002300	1
120	大史莱姆	301002400	1
1	雷萤	302000000	1
5	雷萤	302000100	1
10	雷萤	302000200	1
15	雷萤	302000300	1
20	雷萤	302000400	1
25	雷萤	302000500	1
30	雷萤	302000600	1
35	雷萤	302000700	1
40	雷萤	302000800	1
45	雷萤	302000900	1
50	雷萤	302001000	1
55	雷萤	302001100	1
60	雷萤	302001200	1
65	雷萤	302001300	1
70	雷萤	302001400	1
75	雷萤	302001500	1
80	雷萤	302001600	1
85	雷萤	302001700	1
90	雷萤	302001800	1
93	雷萤	302001900	1
100	雷萤	302002000	1
105	雷萤	302002100	1
110	雷萤	302002200	1
115	雷萤	302002300	1
120	雷萤	302002400	1
1	盗宝团	303000000	1
5	盗宝团	303000100	1
10	盗宝团	303000200	1
15	盗宝团	303000300	1
20	盗宝团	303000400	1
25	盗宝团	303000500	1
30	盗宝团	303000600	1
35	盗宝团	303000700	1
40	盗宝团	303000800	1
45	盗宝团	303000900	1
50	盗宝团	303001000	1
55	盗宝团	303001100	1
60	盗宝团	303001200	1
65	盗宝团	303001300	1
70	盗宝团	303001400	1
75	盗宝团	303001500	1
80	盗宝团	303001600	1
85	盗宝团	303001700	1
90	盗宝团	303001800	1
93	盗宝团	303001900	1
100	盗宝团	303002000	1
105	盗宝团	303002100	1
110	盗宝团	303002200	1
115	盗宝团	303002300	1
120	盗宝团	303002400	1
1	丘丘人	304000000	1
5	丘丘人	304000100	1
10	丘丘人	304000200	1
15	丘丘人	304000300	1
20	丘丘人	304000400	1
25	丘丘人	304000500	1
30	丘丘人	304000600	1
35	丘丘人	304000700	1
40	丘丘人	304000800	1
45	丘丘人	304000900	1
50	丘丘人	304001000	1
55	丘丘人	304001100	1
60	丘丘人	304001200	1
65	丘丘人	304001300	1
70	丘丘人	304001400	1
75	丘丘人	304001500	1
80	丘丘人	304001600	1
85	丘丘人	304001700	1
90	丘丘人	304001800	1
93	丘丘人	304001900	1
100	丘丘人	304002000	1
105	丘丘人	304002100	1
110	丘丘人	304002200	1
115	丘丘人	304002300	1
120	丘丘人	304002400	1
1	远程丘丘人	305000000	1
5	远程丘丘人	305000100	1
10	远程丘丘人	305000200	1
15	远程丘丘人	305000300	1
20	远程丘丘人	305000400	1
25	远程丘丘人	305000500	1
30	远程丘丘人	305000600	1
35	远程丘丘人	305000700	1
40	远程丘丘人	305000800	1
45	远程丘丘人	305000900	1
50	远程丘丘人	305001000	1
55	远程丘丘人	305001100	1
60	远程丘丘人	305001200	1
65	远程丘丘人	305001300	1
70	远程丘丘人	305001400	1
75	远程丘丘人	305001500	1
80	远程丘丘人	305001600	1
85	远程丘丘人	305001700	1
90	远程丘丘人	305001800	1
93	远程丘丘人	305001900	1
100	远程丘丘人	305002000	1
105	远程丘丘人	305002100	1
110	远程丘丘人	305002200	1
115	远程丘丘人	305002300	1
120	远程丘丘人	305002400	1
1	丘丘萨满	306000000	1
5	丘丘萨满	306000100	1
10	丘丘萨满	306000200	1
15	丘丘萨满	306000300	1
20	丘丘萨满	306000400	1
25	丘丘萨满	306000500	1
30	丘丘萨满	306000600	1
35	丘丘萨满	306000700	1
40	丘丘萨满	306000800	1
45	丘丘萨满	306000900	1
50	丘丘萨满	306001000	1
55	丘丘萨满	306001100	1
60	丘丘萨满	306001200	1
65	丘丘萨满	306001300	1
70	丘丘萨满	306001400	1
75	丘丘萨满	306001500	1
80	丘丘萨满	306001600	1
85	丘丘萨满	306001700	1
90	丘丘萨满	306001800	1
93	丘丘萨满	306001900	1
100	丘丘萨满	306002000	1
105	丘丘萨满	306002100	1
110	丘丘萨满	306002200	1
115	丘丘萨满	306002300	1
120	丘丘萨满	306002400	1
1	先遣队	307000000	1
5	先遣队	307000100	1
10	先遣队	307000200	1
15	先遣队	307000300	1
20	先遣队	307000400	1
25	先遣队	307000500	1
30	先遣队	307000600	1
35	先遣队	307000700	1
40	先遣队	307000800	1
45	先遣队	307000900	1
50	先遣队	307001000	1
55	先遣队	307001100	1
60	先遣队	307001200	1
65	先遣队	307001300	1
70	先遣队	307001400	1
75	先遣队	307001500	1
80	先遣队	307001600	1
85	先遣队	307001700	1
90	先遣队	307001800	1
93	先遣队	307001900	1
100	先遣队	307002000	1
105	先遣队	307002100	1
110	先遣队	307002200	1
115	先遣队	307002300	1
120	先遣队	307002400	1
1	骗骗花	308000000	1
5	骗骗花	308000100	1
10	骗骗花	308000200	1
15	骗骗花	308000300	1
20	骗骗花	308000400	1
25	骗骗花	308000500	1
30	骗骗花	308000600	1
35	骗骗花	308000700	1
40	骗骗花	308000800	1
45	骗骗花	308000900	1
50	骗骗花	308001000	1
55	骗骗花	308001100	1
60	骗骗花	308001200	1
65	骗骗花	308001300	1
70	骗骗花	308001400	1
75	骗骗花	308001500	1
80	骗骗花	308001600	1
85	骗骗花	308001700	1
90	骗骗花	308001800	1
93	骗骗花	308001900	1
100	骗骗花	308002000	1
105	骗骗花	308002100	1
110	骗骗花	308002200	1
115	骗骗花	308002300	1
120	骗骗花	308002400	1
1	丘丘岩盔王	330000000	1
5	丘丘岩盔王	330000100	1
10	丘丘岩盔王	330000200	1
15	丘丘岩盔王	330000300	1
20	丘丘岩盔王	330000400	1
25	丘丘岩盔王	330000500	1
30	丘丘岩盔王	330000600	1
35	丘丘岩盔王	330000700	1
40	丘丘岩盔王	330000800	1
45	丘丘岩盔王	330000900	1
50	丘丘岩盔王	330001000	1
55	丘丘岩盔王	330001100	1
60	丘丘岩盔王	330001200	1
65	丘丘岩盔王	330001300	1
70	丘丘岩盔王	330001400	1
75	丘丘岩盔王	330001500	1
80	丘丘岩盔王	330001600	1
85	丘丘岩盔王	330001700	1
90	丘丘岩盔王	330001800	1
93	丘丘岩盔王	330001900	1
100	丘丘岩盔王	330002000	1
105	丘丘岩盔王	330002100	1
110	丘丘岩盔王	330002200	1
115	丘丘岩盔王	330002300	1
120	丘丘岩盔王	330002400	1
1	丘丘暴徒	331000000	1
5	丘丘暴徒	331000100	1
10	丘丘暴徒	331000200	1
15	丘丘暴徒	331000300	1
20	丘丘暴徒	331000400	1
25	丘丘暴徒	331000500	1
30	丘丘暴徒	331000600	1
35	丘丘暴徒	331000700	1
40	丘丘暴徒	331000800	1
45	丘丘暴徒	331000900	1
50	丘丘暴徒	331001000	1
55	丘丘暴徒	331001100	1
60	丘丘暴徒	331001200	1
65	丘丘暴徒	331001300	1
70	丘丘暴徒	331001400	1
75	丘丘暴徒	331001500	1
80	丘丘暴徒	331001600	1
85	丘丘暴徒	331001700	1
90	丘丘暴徒	331001800	1
93	丘丘暴徒	331001900	1
100	丘丘暴徒	331002000	1
105	丘丘暴徒	331002100	1
110	丘丘暴徒	331002200	1
115	丘丘暴徒	331002300	1
120	丘丘暴徒	331002400	1
1	元素之核	332000000	1
5	元素之核	332000100	1
10	元素之核	332000200	1
15	元素之核	332000300	1
20	元素之核	332000400	1
25	元素之核	332000500	1
30	元素之核	332000600	1
35	元素之核	332000700	1
40	元素之核	332000800	1
45	元素之核	332000900	1
50	元素之核	332001000	1
55	元素之核	332001100	1
60	元素之核	332001200	1
65	元素之核	332001300	1
70	元素之核	332001400	1
75	元素之核	332001500	1
80	元素之核	332001600	1
85	元素之核	332001700	1
90	元素之核	332001800	1
93	元素之核	332001900	1
100	元素之核	332002000	1
105	元素之核	332002100	1
110	元素之核	332002200	1
115	元素之核	332002300	1
120	元素之核	332002400	1
1	深渊法师	333000000	1
5	深渊法师	333000100	1
10	深渊法师	333000200	1
15	深渊法师	333000300	1
20	深渊法师	333000400	1
25	深渊法师	333000500	1
30	深渊法师	333000600	1
35	深渊法师	333000700	1
40	深渊法师	333000800	1
45	深渊法师	333000900	1
50	深渊法师	333001000	1
55	深渊法师	333001100	1
60	深渊法师	333001200	1
65	深渊法师	333001300	1
70	深渊法师	333001400	1
75	深渊法师	333001500	1
80	深渊法师	333001600	1
85	深渊法师	333001700	1
90	深渊法师	333001800	1
93	深渊法师	333001900	1
100	深渊法师	333002000	1
105	深渊法师	333002100	1
110	深渊法师	333002200	1
115	深渊法师	333002300	1
120	深渊法师	333002400	1
1	债务处理人	335000000	1
5	债务处理人	335000100	1
10	债务处理人	335000200	1
15	债务处理人	335000300	1
20	债务处理人	335000400	1
25	债务处理人	335000500	1
30	债务处理人	335000600	1
35	债务处理人	335000700	1
40	债务处理人	335000800	1
45	债务处理人	335000900	1
50	债务处理人	335001000	1
55	债务处理人	335001100	1
60	债务处理人	335001200	1
65	债务处理人	335001300	1
70	债务处理人	335001400	1
75	债务处理人	335001500	1
80	债务处理人	335001600	1
85	债务处理人	335001700	1
90	债务处理人	335001800	1
93	债务处理人	335001900	1
100	债务处理人	335002000	1
105	债务处理人	335002100	1
110	债务处理人	335002200	1
115	债务处理人	335002300	1
120	债务处理人	335002400	1
1	召唤师	336000000	1
5	召唤师	336000100	1
10	召唤师	336000200	1
15	召唤师	336000300	1
20	召唤师	336000400	1
25	召唤师	336000500	1
30	召唤师	336000600	1
35	召唤师	336000700	1
40	召唤师	336000800	1
45	召唤师	336000900	1
50	召唤师	336001000	1
55	召唤师	336001100	1
60	召唤师	336001200	1
65	召唤师	336001300	1
70	召唤师	336001400	1
75	召唤师	336001500	1
80	召唤师	336001600	1
85	召唤师	336001700	1
90	召唤师	336001800	1
93	召唤师	336001900	1
100	召唤师	336002000	1
105	召唤师	336002100	1
110	召唤师	336002200	1
115	召唤师	336002300	1
120	召唤师	336002400	1
1	遗迹守卫	337000000	1
5	遗迹守卫	337000100	1
10	遗迹守卫	337000200	1
15	遗迹守卫	337000300	1
20	遗迹守卫	337000400	1
25	遗迹守卫	337000500	1
30	遗迹守卫	337000600	1
35	遗迹守卫	337000700	1
40	遗迹守卫	337000800	1
45	遗迹守卫	337000900	1
50	遗迹守卫	337001000	1
55	遗迹守卫	337001100	1
60	遗迹守卫	337001200	1
65	遗迹守卫	337001300	1
70	遗迹守卫	337001400	1
75	遗迹守卫	337001500	1
80	遗迹守卫	337001600	1
85	遗迹守卫	337001700	1
90	遗迹守卫	337001800	1
93	遗迹守卫	337001900	1
100	遗迹守卫	337002000	1
105	遗迹守卫	337002100	1
110	遗迹守卫	337002200	1
115	遗迹守卫	337002300	1
120	遗迹守卫	337002400	1
1	幼岩龙蜥	338000000	1
5	幼岩龙蜥	338000100	1
10	幼岩龙蜥	338000200	1
15	幼岩龙蜥	338000300	1
20	幼岩龙蜥	338000400	1
25	幼岩龙蜥	338000500	1
30	幼岩龙蜥	338000600	1
35	幼岩龙蜥	338000700	1
40	幼岩龙蜥	338000800	1
45	幼岩龙蜥	338000900	1
50	幼岩龙蜥	338001000	1
55	幼岩龙蜥	338001100	1
60	幼岩龙蜥	338001200	1
65	幼岩龙蜥	338001300	1
70	幼岩龙蜥	338001400	1
75	幼岩龙蜥	338001500	1
80	幼岩龙蜥	338001600	1
85	幼岩龙蜥	338001700	1
90	幼岩龙蜥	338001800	1
93	幼岩龙蜥	338001900	1
100	幼岩龙蜥	338002000	1
105	幼岩龙蜥	338002100	1
110	幼岩龙蜥	338002200	1
115	幼岩龙蜥	338002300	1
120	幼岩龙蜥	338002400	1
1	遗迹重机	339000000	1
5	遗迹重机	339000100	1
10	遗迹重机	339000200	1
15	遗迹重机	339000300	1
20	遗迹重机	339000400	1
25	遗迹重机	339000500	1
30	遗迹重机	339000600	1
35	遗迹重机	339000700	1
40	遗迹重机	339000800	1
45	遗迹重机	339000900	1
50	遗迹重机	339001000	1
55	遗迹重机	339001100	1
60	遗迹重机	339001200	1
65	遗迹重机	339001300	1
70	遗迹重机	339001400	1
75	遗迹重机	339001500	1
80	遗迹重机	339001600	1
85	遗迹重机	339001700	1
90	遗迹重机	339001800	1
93	遗迹重机	339001900	1
100	遗迹重机	339002000	1
105	遗迹重机	339002100	1
110	遗迹重机	339002200	1
115	遗迹重机	339002300	1
120	遗迹重机	339002400	1
1	岩龙蜥	340000000	1
5	岩龙蜥	340000100	1
10	岩龙蜥	340000200	1
15	岩龙蜥	340000300	1
20	岩龙蜥	340000400	1
25	岩龙蜥	340000500	1
30	岩龙蜥	340000600	1
35	岩龙蜥	340000700	1
40	岩龙蜥	340000800	1
45	岩龙蜥	340000900	1
50	岩龙蜥	340001000	1
55	岩龙蜥	340001100	1
60	岩龙蜥	340001200	1
65	岩龙蜥	340001300	1
70	岩龙蜥	340001400	1
75	岩龙蜥	340001500	1
80	岩龙蜥	340001600	1
85	岩龙蜥	340001700	1
90	岩龙蜥	340001800	1
93	岩龙蜥	340001900	1
100	岩龙蜥	340002000	1
105	岩龙蜥	340002100	1
110	岩龙蜥	340002200	1
115	岩龙蜥	340002300	1
120	岩龙蜥	340002400	1
1	采集动物	381000000	1
5	采集动物	381000100	1
10	采集动物	381000200	1
15	采集动物	381000300	1
20	采集动物	381000400	1
25	采集动物	381000500	1
30	采集动物	381000600	1
35	采集动物	381000700	1
40	采集动物	381000800	1
45	采集动物	381000900	1
50	采集动物	381001000	1
55	采集动物	381001100	1
60	采集动物	381001200	1
65	采集动物	381001300	1
70	采集动物	381001400	1
75	采集动物	381001500	1
80	采集动物	381001600	1
85	采集动物	381001700	1
90	采集动物	381001800	1
93	采集动物	381001900	1
100	采集动物	381002000	1
105	采集动物	381002100	1
110	采集动物	381002200	1
115	采集动物	381002300	1
120	采集动物	381002400	1
1	走兽	382000000	1
5	走兽	382000100	1
10	走兽	382000200	1
15	走兽	382000300	1
20	走兽	382000400	1
25	走兽	382000500	1
30	走兽	382000600	1
35	走兽	382000700	1
40	走兽	382000800	1
45	走兽	382000900	1
50	走兽	382001000	1
55	走兽	382001100	1
60	走兽	382001200	1
65	走兽	382001300	1
70	走兽	382001400	1
75	走兽	382001500	1
80	走兽	382001600	1
85	走兽	382001700	1
90	走兽	382001800	1
93	走兽	382001900	1
100	走兽	382002000	1
105	走兽	382002100	1
110	走兽	382002200	1
115	走兽	382002300	1
120	走兽	382002400	1
1	鸟类	383000000	1
5	鸟类	383000100	1
10	鸟类	383000200	1
15	鸟类	383000300	1
20	鸟类	383000400	1
25	鸟类	383000500	1
30	鸟类	383000600	1
35	鸟类	383000700	1
40	鸟类	383000800	1
45	鸟类	383000900	1
50	鸟类	383001000	1
55	鸟类	383001100	1
60	鸟类	383001200	1
65	鸟类	383001300	1
70	鸟类	383001400	1
75	鸟类	383001500	1
80	鸟类	383001600	1
85	鸟类	383001700	1
90	鸟类	383001800	1
93	鸟类	383001900	1
100	鸟类	383002000	1
105	鸟类	383002100	1
110	鸟类	383002200	1
115	鸟类	383002300	1
120	鸟类	383002400	1
1	水族	384000000	1
5	水族	384000100	1
10	水族	384000200	1
15	水族	384000300	1
20	水族	384000400	1
25	水族	384000500	1
30	水族	384000600	1
35	水族	384000700	1
40	水族	384000800	1
45	水族	384000900	1
50	水族	384001000	1
55	水族	384001100	1
60	水族	384001200	1
65	水族	384001300	1
70	水族	384001400	1
75	水族	384001500	1
80	水族	384001600	1
85	水族	384001700	1
90	水族	384001800	1
93	水族	384001900	1
100	水族	384002000	1
105	水族	384002100	1
110	水族	384002200	1
115	水族	384002300	1
120	水族	384002400	1
1	魔法生物	385000000	1
5	魔法生物	385000100	1
10	魔法生物	385000200	1
15	魔法生物	385000300	1
20	魔法生物	385000400	1
25	魔法生物	385000500	1
30	魔法生物	385000600	1
35	魔法生物	385000700	1
40	魔法生物	385000800	1
45	魔法生物	385000900	1
50	魔法生物	385001000	1
55	魔法生物	385001100	1
60	魔法生物	385001200	1
65	魔法生物	385001300	1
70	魔法生物	385001400	1
75	魔法生物	385001500	1
80	魔法生物	385001600	1
85	魔法生物	385001700	1
90	魔法生物	385001800	1
93	魔法生物	385001900	1
100	魔法生物	385002000	1
105	魔法生物	385002100	1
110	魔法生物	385002200	1
115	魔法生物	385002300	1
120	魔法生物	385002400	1
